100
11.6807  -21.6635
17.4635  20.4767
21.9804  21.6267
29.5248  -23.9465
35.6469  -14.8991
46.0466  -14.7959
50.8349  14.6557
54.7169  -11.6422
59.2851  -18.5813
67.3181  11.8707
76.3433  20.7615
82.4572  13.1029
88.021  -1.4469
92.0165  5.62797
93.7503  -0.0907317
96.9462  -22.9274
103.595  9.89343
114.105  20.8304
121.409  5.27111
131.786  -17.8696
140.86  18.8828
145.327  -15.6865
153.035  6.74451
158.569  -23.6204
167.202  -17.1638
175.852  3.28924
177.572  -11.1806
181.85  1.41684
190.324  6.36962
192.733  16.0415
194.989  -6.97581
204.612  9.52469
206.196  15.6634
213.267  9.43773
218.453  2.23904
227.767  -13.6934
232.991  -16.0974
238.115  -20.3397
247.245  18.2915
249.453  3.81024
250.678  19.2902
253.098  -20.2745
255.72  -1.5084
262.949  20.4821
264.921  13.1871
273.226  -13.8599
275.468  4.63769
285.601  -15.8711
290.661  1.01992
300.374  16.2357
302.026  10.1347
303.535  -0.619219
313.342  -1.83761
320.15  9.68433
324.441  10.081
328.14  -7.41848
335.014  -4.40594
340.476  12.4808
350.293  -21.5507
357.885  23.9469
367.213  -5.51358
370.23  22.8477
381.055  -19.2482
383.45  -5.57476
390.805  -24.4568
393.937  10.0307
402.072  -11.7968
404.955  4.71519
413.228  13.4525
417.108  -22.1806
422.814  2.89409
427.894  -22.0953
438.592  17.7079
447.669  17.5738
457.901  -1.65164
467.205  12.7935
476.772  -23.3923
484.9  16.9589
487.372  17.6177
490.649  14.1312
500.281  -2.95495
506.113  3.83886
514.163  8.57339
516.874  -3.38617
522.279  -2.04644
528.166  20.5595
529.335  19.8342
540.028  24.3358
548.536  13.8497
557.918  8.69926
561.358  8.43031
566.657  -19.9671
574.664  -17.866
585.063  17.3975
596.013  -16.6241
603.319  17.9127
610.403  -19.3093
615.753  -9.33078
624.606  5.30556
633.063  -13.71

