3000
1	2101
2	317
3	1244
4	797
5	1801
6	244
7	2048
8	1072
9	2278
10	499
11	1586
12	1507
13	658
14	2193
15	2764
16	1062
17	2083
18	854
19	2357
20	1521
21	2559
22	2219
23	2253
24	1259
25	557
26	2244
27	2365
28	1427
29	2641
30	1871
31	1005
32	1632
33	1117
34	2930
35	1848
36	2971
37	1984
38	1740
39	653
40	1445
41	1439
42	987
43	1936
44	1929
45	1932
46	2369
47	1760
48	339
49	1355
50	1143
51	1552
52	2366
53	2513
54	977
55	858
56	2504
57	701
58	584
59	1554
60	2550
61	2144
62	387
63	2900
64	2719
65	917
66	2435
67	2749
68	2903
69	2367
70	2689
71	683
72	2602
73	1828
74	975
75	785
76	2907
77	2266
78	290
79	1953
80	2235
81	859
82	2463
83	651
84	1585
85	998
86	791
87	376
88	1566
89	691
90	420
91	681
92	273
93	821
94	1260
95	2163
96	1184
97	1105
98	948
99	2570
100	1111
101	2833
102	2902
103	929
104	2360
105	1316
106	2178
107	628
108	920
109	561
110	705
111	1885
112	1090
113	2994
114	184
115	624
116	2302
117	1351
118	407
119	1379
120	305
121	2511
122	2014
123	342
124	2992
125	2568
126	2878
127	1432
128	379
129	325
130	267
131	1009
132	2532
133	2811
134	2588
135	474
136	2332
137	2481
138	2087
139	2856
140	2512
141	318
142	197
143	508
144	2245
145	2091
146	1091
147	2893
148	21
149	2952
150	1416
151	1594
152	991
153	716
154	415
155	698
156	1450
157	2644
158	2456
159	1947
160	763
161	551
162	295
163	1944
164	993
165	2635
166	2849
167	1927
168	1364
169	1686
170	712
171	249
172	2249
173	1370
174	232
175	1347
176	2991
177	2023
178	1084
179	2892
180	748
181	2566
182	1613
183	582
184	2642
185	595
186	1426
187	2722
188	185
189	2843
190	2995
191	2349
192	1917
193	1631
194	190
195	1742
196	1435
197	412
198	230
199	1479
200	2955
201	1688
202	1227
203	2585
204	135
205	1940
206	1273
207	2587
208	194
209	710
210	1486
211	1190
212	882
213	2525
214	396
215	208
216	2567
217	258
218	845
219	2479
220	2771
221	1629
222	48
223	149
224	1335
225	202
226	1881
227	709
228	515
229	2095
230	2168
231	870
232	1182
233	2604
234	365
235	2860
236	1858
237	1343
238	563
239	1509
240	2709
241	461
242	261
243	2916
244	1796
245	2936
246	1986
247	2667
248	825
249	2207
250	2286
251	2209
252	144
253	33
254	2274
255	1179
256	740
257	2698
258	828
259	2149
260	2177
261	1229
262	2541
263	2572
264	850
265	2923
266	1476
267	470
268	349
269	2926
270	2686
271	1588
272	1431
273	160
274	996
275	1803
276	2536
277	281
278	1598
279	546
280	798
281	1000
282	528
283	2681
284	2310
285	2242
286	2998
287	1997
288	1308
289	2694
290	1951
291	647
292	57
293	468
294	1191
295	1097
296	1643
297	1455
298	1242
299	1377
300	1276
301	2152
302	1663
303	2214
304	1019
305	1292
306	1956
307	2565
308	1901
309	123
310	458
311	504
312	1973
313	1784
314	1123
315	2735
316	1617
317	1154
318	2824
319	638
320	2757
321	1865
322	1896
323	1692
324	2818
325	951
326	1272
327	1597
328	695
329	445
330	686
331	181
332	1208
333	2035
334	986
335	2368
336	1280
337	32
338	1185
339	1106
340	2956
341	1837
342	2288
343	3001
344	1451
345	1236
346	179
347	569
348	1380
349	2159
350	2422
351	2877
352	1348
353	363
354	2130
355	393
356	2246
357	2189
358	1835
359	1536
360	739
361	2234
362	1053
363	440
364	2724
365	928
366	2533
367	1512
368	2131
369	195
370	1391
371	124
372	1561
373	671
374	2947
375	2103
376	708
377	715
378	452
379	274
380	2586
381	1462
382	303
383	1527
384	2931
385	1610
386	380
387	1213
388	1748
389	1118
390	1633
391	1025
392	429
393	780
394	1350
395	2863
396	1196
397	1535
398	1914
399	2160
400	2443
401	1644
402	2630
403	2296
404	2562
405	754
406	1738
407	1690
408	1214
409	2170
410	2715
411	2076
412	1049
413	1015
414	1075
415	2299
416	1283
417	152
418	472
419	2187
420	2356
421	496
422	1829
423	2980
424	922
425	1651
426	874
427	1614
428	2410
429	539
430	2600
431	2530
432	385
433	1538
434	2993
435	2134
436	2594
437	667
438	2038
439	2624
440	1615
441	360
442	2314
443	2884
444	737
445	1607
446	868
447	2477
448	1398
449	1893
450	2150
451	217
452	832
453	2056
454	1127
455	2549
456	728
457	869
458	1311
459	1038
460	1539
461	1164
462	606
463	2093
464	1596
465	738
466	659
467	964
468	1402
469	436
470	220
471	718
472	1247
473	940
474	656
475	2867
476	942
477	2133
478	371
479	1634
480	104
481	1955
482	2277
483	2449
484	635
485	1693
486	2661
487	2188
488	1672
489	292
490	2622
491	2957
492	1240
493	265
494	1811
495	2906
496	55
497	2294
498	166
499	1027
500	1978
501	2112
502	627
503	2631
504	1511
505	148
506	106
507	480
508	817
509	2432
510	1987
511	1995
512	2496
513	1904
514	424
515	2295
516	2616
517	1701
518	2440
519	428
520	2116
521	2143
522	2401
523	1772
524	1230
525	655
526	248
527	770
528	14
529	122
530	2834
531	782
532	2809
533	1895
534	2250
535	1794
536	843
537	1822
538	1089
539	520
540	294
541	886
542	2645
543	286
544	284
545	1545
546	2418
547	237
548	2677
549	2208
550	1096
551	2078
552	1354
553	2558
554	2161
555	116
556	289
557	1750
558	89
559	1231
560	441
561	1502
562	142
563	729
564	1217
565	1504
566	2598
567	1067
568	2699
569	1952
570	1296
571	84
572	350
573	2648
574	1675
575	1235
576	1068
577	2460
578	1499
579	1661
580	1724
581	2215
582	1529
583	577
584	2320
585	1110
586	2545
587	586
588	906
589	894
590	1233
591	1442
592	469
593	1611
594	1711
595	403
596	836
597	2973
598	2323
599	130
600	1892
601	316
602	56
603	1440
604	2510
605	8
606	2507
607	2776
608	2260
609	2057
610	1898
611	1095
612	1562
613	1798
614	1763
615	1580
616	1954
617	625
618	1516
619	2746
620	2889
621	2611
622	733
623	1473
624	759
625	1728
626	916
627	2019
628	2576
629	1524
630	1592
631	1999
632	2844
633	2022
634	2943
635	335
636	592
637	1345
638	196
639	535
640	2225
641	1152
642	356
643	2801
644	448
645	1933
646	1991
647	2203
648	952
649	1579
650	1079
651	2265
652	2564
653	2107
654	293
655	2011
656	1684
657	1636
658	2096
659	2058
660	1026
661	2066
662	965
663	1487
664	1558
665	2895
666	1915
667	2016
668	1333
669	302
670	1060
671	1707
672	38
673	623
674	1645
675	2866
676	347
677	1135
678	1211
679	2006
680	2471
681	1474
682	1935
683	1201
684	548
685	146
686	2795
687	640
688	2102
689	1910
690	2068
691	2252
692	2469
693	2617
694	946
695	2105
696	2696
697	657
698	512
699	682
700	2690
701	54
702	241
703	954
704	883
705	400
706	1169
707	809
708	259
709	2480
710	2384
711	2747
712	862
713	63
714	162
715	121
716	1032
717	301
718	2346
719	719
720	615
721	1186
722	1826
723	1044
724	2031
725	1674
726	495
727	1441
728	1782
729	2831
730	2061
731	2919
732	579
733	198
734	1352
735	2672
736	2951
737	2224
738	992
739	1425
740	1542
741	2092
742	934
743	1415
744	1483
745	224
746	588
747	982
748	2975
749	558
750	1765
751	1706
752	1979
753	2592
754	297
755	2791
756	1304
757	2248
758	1195
759	1575
760	1126
761	765
762	1836
763	745
764	2527
765	1360
766	617
767	1109
768	207
769	1349
770	1648
771	646
772	2679
773	775
774	2148
775	1508
776	1401
777	522
778	1714
779	76
780	1133
781	2380
782	1058
783	1768
784	1641
785	779
786	1941
787	829
788	1081
789	1668
790	2261
791	2815
792	2013
793	2079
794	566
795	540
796	2164
797	596
798	2701
799	2778
800	15
801	2312
802	1721
803	2339
804	411
805	1514
806	2524
807	2574
808	2802
809	1061
810	102
811	186
812	1534
813	1403
814	702
815	2605
816	231
817	2052
818	2730
819	673
820	1020
821	947
822	53
823	818
824	2290
825	1840
826	78
827	1158
828	1551
829	341
830	1411
831	2819
832	802
833	1284
834	1795
835	477
836	2438
837	1496
838	664
839	813
840	1637
841	368
842	1687
843	500
844	963
845	2060
846	1086
847	1241
848	319
849	449
850	2275
851	2922
852	778
853	1224
854	2785
855	2739
856	1003
857	64
858	650
859	1985
860	838
861	2874
862	724
863	1408
864	234
865	796
866	2948
867	112
868	877
869	2123
870	2603
871	497
872	896
873	421
874	1553
875	2115
876	742
877	633
878	216
879	1376
880	41
881	39
882	2876
883	1094
884	541
885	42
886	2338
887	2202
888	1278
889	514
890	502
891	771
892	432
893	2807
894	722
895	2341
896	2597
897	1526
898	225
899	2859
900	1410
901	1270
902	1489
903	1353
904	2461
905	2608
906	18
907	2386
908	2256
909	209
910	2740
911	113
912	1310
913	1124
914	288
915	692
916	278
917	1279
918	338
919	757
920	2633
921	2055
922	1503
923	2548
924	2226
925	1646
926	2042
927	601
928	168
929	2503
930	2738
931	2796
932	1950
933	2429
934	83
935	2505
936	2826
937	2813
938	1736
939	2702
940	2703
941	2232
942	1647
943	2089
944	1187
945	670
946	2106
947	1223
948	851
949	1659
950	1461
951	2968
952	384
953	777
954	2465
955	2560
956	587
957	1809
958	16
959	2534
960	1119
961	997
962	311
963	1777
964	2428
965	781
966	2531
967	1862
968	774
969	2582
970	2122
971	2620
972	1571
973	2027
974	2487
975	1833
976	2316
977	1404
978	2025
979	37
980	2671
981	2050
982	861
983	2238
984	2970
985	1277
986	1785
987	2967
988	925
989	2032
990	930
991	1064
992	1255
993	377
994	153
995	2615
996	1717
997	2499
998	353
999	1120
1000	1977
1001	989
1002	1012
1003	2514
1004	1709
1005	386
1006	484
1007	1029
1008	1845
1009	1470
1010	2777
1011	688
1012	329
1013	298
1014	191
1015	1293
1016	2632
1017	418
1018	155
1019	367
1020	804
1021	1788
1022	2816
1023	1976
1024	2291
1025	1163
1026	359
1027	1807
1028	2155
1029	764
1030	1243
1031	2045
1032	1857
1033	2498
1034	1101
1035	2997
1036	820
1037	2211
1038	622
1039	1739
1040	1248
1041	678
1042	932
1043	939
1044	2668
1045	909
1046	328
1047	2377
1048	1727
1049	2108
1050	2029
1051	1477
1052	1745
1053	1989
1054	19
1055	559
1056	1386
1057	285
1058	2375
1059	1573
1060	2960
1061	810
1062	45
1063	2745
1064	1252
1065	1599
1066	2336
1067	1700
1068	2767
1069	2925
1070	2839
1071	260
1072	404
1073	1584
1074	1172
1075	1708
1076	2789
1077	2084
1078	2589
1079	405
1080	221
1081	2976
1082	979
1083	542
1084	2842
1085	1051
1086	2547
1087	2897
1088	1671
1089	233
1090	1872
1091	1730
1092	2111
1093	1850
1094	2581
1095	1016
1096	2262
1097	242
1098	2018
1099	2492
1100	1098
1101	1683
1102	2258
1103	590
1104	2858
1105	320
1106	402
1107	1153
1108	793
1109	2756
1110	2017
1111	2986
1112	2213
1113	2458
1114	2094
1115	3000
1116	1281
1117	1623
1118	2879
1119	649
1120	85
1121	2606
1122	676
1123	2000
1124	556
1125	844
1126	101
1127	1157
1128	2685
1129	1453
1130	1878
1131	2452
1132	81
1133	1002
1134	2412
1135	1884
1136	1715
1137	876
1138	1652
1139	1076
1140	1099
1141	1899
1142	1791
1143	1556
1144	999
1145	642
1146	2946
1147	2542
1148	2200
1149	1577
1150	665
1151	605
1152	2340
1153	240
1154	1962
1155	552
1156	1458
1157	1797
1158	1925
1159	75
1160	2325
1161	2804
1162	2330
1163	516
1164	769
1165	193
1166	2297
1167	696
1168	2880
1169	370
1170	1806
1171	1628
1172	1854
1173	607
1174	2239
1175	2949
1176	95
1177	693
1178	362
1179	2933
1180	139
1181	1093
1182	397
1183	275
1184	2383
1185	2128
1186	165
1187	145
1188	210
1189	2138
1190	262
1191	567
1192	2371
1193	519
1194	2090
1195	2450
1196	530
1197	2049
1198	140
1199	213
1200	2853
1201	2222
1202	1132
1203	23
1204	94
1205	1467
1206	107
1207	2197
1208	1399
1209	1868
1210	2370
1211	1605
1212	52
1213	511
1214	1513
1215	1759
1216	2790
1217	902
1218	2638
1219	1332
1220	2669
1221	2086
1222	816
1223	1342
1224	2109
1225	2033
1226	2100
1227	532
1228	2741
1229	1423
1230	296
1231	1860
1232	2184
1233	2927
1234	1250
1235	899
1236	2910
1237	352
1238	1698
1239	2974
1240	2909
1241	1965
1242	713
1243	841
1244	988
1245	1366
1246	1559
1247	1880
1248	159
1249	206
1250	2352
1251	2454
1252	919
1253	1960
1254	323
1255	2828
1256	1704
1257	2571
1258	336
1259	494
1260	96
1261	2417
1262	760
1263	73
1264	1078
1265	1735
1266	2167
1267	395
1268	2353
1269	426
1270	2071
1271	2247
1272	533
1273	1209
1274	2982
1275	1505
1276	2001
1277	425
1278	1907
1279	1533
1280	2546
1281	2414
1282	1418
1283	1676
1284	2664
1285	1295
1286	2855
1287	610
1288	2646
1289	1395
1290	2169
1291	2395
1292	2485
1293	416
1294	1066
1295	549
1296	2780
1297	509
1298	87
1299	1023
1300	690
1301	2658
1302	1832
1303	741
1304	643
1305	2176
1306	1980
1307	706
1308	637
1309	1618
1310	2770
1311	173
1312	1595
1313	2424
1314	2444
1315	178
1316	1018
1317	1804
1318	1421
1319	1805
1320	1287
1321	2864
1322	905
1323	1337
1324	312
1325	564
1326	1974
1327	1747
1328	1405
1329	571
1330	1761
1331	537
1332	2047
1333	2421
1334	1147
1335	2257
1336	2065
1337	1482
1338	761
1339	1210
1340	257
1341	736
1342	1204
1343	2981
1344	1522
1345	2726
1346	2983
1347	2396
1348	1843
1349	1107
1350	1541
1351	2425
1352	783
1353	389
1354	819
1355	652
1356	2486
1357	357
1358	2411
1359	2039
1360	985
1361	2437
1362	1510
1363	2324
1364	2692
1365	1905
1366	1203
1367	2708
1368	1818
1369	1125
1370	1443
1371	2515
1372	1582
1373	1601
1374	1193
1375	2053
1376	40
1377	1346
1378	1703
1379	995
1380	374
1381	203
1382	543
1383	1841
1384	1967
1385	228
1386	1926
1387	1679
1388	1500
1389	346
1390	2805
1391	585
1392	1550
1393	1931
1394	1662
1395	967
1396	578
1397	26
1398	1480
1399	969
1400	2832
1401	758
1402	171
1403	1887
1404	1320
1405	2085
1406	524
1407	2363
1408	1221
1409	1813
1410	855
1411	1653
1412	827
1413	1942
1414	1593
1415	1288
1416	1664
1417	1756
1418	30
1419	2497
1420	2082
1421	1466
1422	80
1423	675
1424	177
1425	2891
1426	1874
1427	20
1428	2569
1429	1946
1430	1847
1431	2890
1432	2158
1433	1122
1434	1555
1435	2362
1436	1890
1437	1010
1438	2846
1439	1945
1440	1363
1441	2626
1442	2522
1443	2979
1444	394
1445	120
1446	603
1447	2185
1448	1746
1449	1876
1450	1869
1451	984
1452	1783
1453	1612
1454	2609
1455	1459
1456	2388
1457	439
1458	2389
1459	898
1460	250
1461	1274
1462	2124
1463	2653
1464	103
1465	136
1466	1567
1467	2584
1468	1998
1469	1568
1470	434
1471	310
1472	1460
1473	1537
1474	1816
1475	2002
1476	1971
1477	518
1478	1494
1479	1327
1480	174
1481	308
1482	343
1483	2872
1484	2614
1485	2271
1486	1519
1487	958
1488	2041
1489	570
1490	1757
1491	2442
1492	801
1493	1428
1494	2272
1495	2334
1496	1083
1497	1630
1498	2136
1499	2434
1500	90
1501	2413
1502	1406
1503	1619
1504	1909
1505	2141
1506	1657
1507	2104
1508	1339
1509	888
1510	938
1511	326
1512	2285
1513	2446
1514	1743
1515	505
1516	1650
1517	2488
1518	147
1519	5
1520	2521
1521	2629
1522	620
1523	366
1524	1689
1525	43
1526	2768
1527	2097
1528	2837
1529	2318
1530	1720
1531	848
1532	2233
1533	2579
1534	2166
1535	2727
1536	126
1537	485
1538	1660
1539	766
1540	492
1541	2264
1542	1409
1543	1139
1544	2441
1545	1258
1546	830
1547	2871
1548	2613
1549	443
1550	1161
1551	866
1552	392
1553	2478
1554	447
1555	1604
1556	560
1557	937
1558	1919
1559	410
1560	1525
1561	4
1562	2021
1563	2944
1564	488
1565	2706
1566	731
1567	2358
1568	422
1569	2251
1570	536
1571	1819
1572	1853
1573	118
1574	1039
1575	2391
1576	2405
1577	1583
1578	2476
1579	1036
1580	2382
1581	2851
1582	473
1583	730
1584	2237
1585	1572
1586	369
1587	1378
1588	839
1589	2317
1590	2652
1591	1206
1592	581
1593	890
1594	2305
1595	314
1596	2364
1597	223
1598	2110
1599	1547
1600	2402
1601	2051
1602	2005
1603	1290
1604	2059
1605	626
1606	2289
1607	576
1608	2793
1609	1176
1610	1392
1611	1694
1612	661
1613	2494
1614	2959
1615	884
1616	1011
1617	381
1618	1621
1619	1001
1620	1725
1621	972
1622	2397
1623	2069
1624	437
1625	970
1626	1297
1627	2886
1628	871
1629	612
1630	2354
1631	2990
1632	768
1633	1112
1634	1266
1635	2186
1636	2544
1637	2459
1638	1294
1639	1171
1640	1532
1641	1092
1642	526
1643	1325
1644	1324
1645	1385
1646	1198
1647	822
1648	482
1649	1212
1650	2470
1651	214
1652	2621
1653	2462
1654	1177
1655	1831
1656	2539
1657	994
1658	183
1659	955
1660	699
1661	891
1662	2419
1663	893
1664	1549
1665	189
1666	2693
1667	12
1668	808
1669	1238
1670	847
1671	93
1672	65
1673	2640
1674	863
1675	2717
1676	62
1677	2007
1678	639
1679	1543
1680	414
1681	846
1682	2716
1683	1035
1684	287
1685	1752
1686	2243
1687	2506
1688	2074
1689	2210
1690	71
1691	2803
1692	1939
1693	1846
1694	1792
1695	1469
1696	44
1697	300
1698	553
1699	13
1700	1285
1701	2627
1702	481
1703	835
1704	2625
1705	1116
1706	1286
1707	2688
1708	1369
1709	2037
1710	806
1711	28
1712	2728
1713	2917
1714	446
1715	2335
1716	1825
1717	2394
1718	188
1719	2311
1720	2591
1721	1136
1722	50
1723	679
1724	479
1725	2601
1726	333
1727	1340
1728	2978
1729	2361
1730	1889
1731	593
1732	2766
1733	2896
1734	2899
1735	1666
1736	912
1737	1560
1738	453
1739	1922
1740	31
1741	746
1742	1639
1743	1073
1744	1493
1745	1138
1746	1937
1747	35
1748	1815
1749	1877
1750	2467
1751	784
1752	1888
1753	2046
1754	176
1755	1365
1756	463
1757	1501
1758	218
1759	2673
1760	914
1761	1464
1762	2259
1763	2821
1764	1678
1765	2830
1766	1144
1767	1781
1768	2761
1769	2836
1770	25
1771	2228
1772	1810
1773	2194
1774	1289
1775	337
1776	219
1777	1808
1778	2075
1779	1463
1780	66
1781	2430
1782	2351
1783	2725
1784	1873
1785	192
1786	1037
1787	1358
1788	1495
1789	2707
1790	2985
1791	2151
1792	1
1793	1454
1794	1305
1795	521
1796	2409
1797	2475
1798	2529
1799	879
1800	2912
1801	703
1802	2173
1803	589
1804	1981
1805	2117
1806	2127
1807	1852
1808	634
1809	1802
1810	109
1811	842
1812	672
1813	172
1814	2273
1815	1452
1816	889
1817	2398
1818	344
1819	1088
1820	2137
1821	2326
1822	450
1823	1433
1824	2236
1825	1520
1826	163
1827	1429
1828	1142
1829	2439
1830	1309
1831	2034
1832	823
1833	235
1834	1166
1835	1902
1836	161
1837	2683
1838	457
1839	1393
1840	2788
1841	941
1842	619
1843	431
1844	330
1845	812
1846	2748
1847	254
1848	2520
1849	2474
1850	1491
1851	2436
1852	1004
1853	2660
1854	1823
1855	1866
1856	2003
1857	10
1858	1842
1859	454
1860	632
1861	2822
1862	1642
1863	853
1864	1665
1865	1069
1866	2355
1867	1389
1868	1047
1869	2393
1870	1839
1871	795
1872	229
1873	382
1874	1007
1875	2301
1876	2958
1877	455
1878	1620
1879	1326
1880	2894
1881	762
1882	2711
1883	786
1884	2519
1885	1232
1886	2373
1887	1531
1888	1465
1889	299
1890	2590
1891	1422
1892	1751
1893	134
1894	1456
1895	34
1896	2743
1897	2267
1898	2868
1899	108
1900	2431
1901	2628
1902	1770
1903	2445
1904	2198
1905	1734
1906	1523
1907	2905
1908	2175
1909	1834
1910	2098
1911	2308
1912	2044
1913	1859
1914	2656
1915	1732
1916	544
1917	1282
1918	2754
1919	1253
1920	1484
1921	2484
1922	892
1923	1916
1924	1928
1925	72
1926	110
1927	2088
1928	1908
1929	935
1930	1114
1931	1059
1932	700
1933	2390
1934	755
1935	2378
1936	2637
1937	2180
1938	1129
1939	1390
1940	2759
1941	1897
1942	981
1943	2221
1944	927
1945	826
1946	687
1947	608
1948	1298
1949	2113
1950	2950
1951	1729
1952	1328
1953	2873
1954	2526
1955	1988
1956	1302
1957	2165
1958	182
1959	459
1960	2099
1961	1249
1962	2028
1963	1199
1964	334
1965	529
1966	2593
1967	732
1968	2009
1969	1737
1970	881
1971	2687
1972	2723
1973	1957
1974	2399
1975	2786
1976	1017
1977	227
1978	2972
1979	1200
1980	119
1981	2300
1982	525
1983	824
1984	2223
1985	720
1986	2734
1987	105
1988	2783
1989	630
1990	2255
1991	1341
1992	684
1993	1056
1994	2537
1995	1257
1996	1113
1997	1776
1998	2171
1999	1570
2000	1755
2001	2794
2002	1256
2003	789
2004	572
2005	2400
2006	205
2007	361
2008	1065
2009	2125
2010	1420
2011	238
2012	1387
2013	2751
2014	125
2015	2157
2016	2040
2017	59
2018	2350
2019	2156
2020	936
2021	408
2022	726
2023	491
2024	794
2025	2827
2026	1444
2027	2423
2028	1371
2029	2792
2030	1141
2031	583
2032	1181
2033	2062
2034	1033
2035	24
2036	1382
2037	1307
2038	2595
2039	2077
2040	513
2041	2313
2042	1013
2043	1923
2044	1744
2045	1844
2046	531
2047	2329
2048	641
2049	1699
2050	629
2051	833
2052	2064
2053	1924
2054	1087
2055	1336
2056	1246
2057	2553
2058	807
2059	2742
2060	1262
2061	1396
2062	475
2063	2191
2064	1145
2065	1565
2066	2420
2067	1488
2068	1215
2069	1417
2070	2618
2071	2852
2072	907
2073	2183
2074	413
2075	27
2076	2941
2077	878
2078	1581
2079	348
2080	1381
2081	575
2082	2015
2083	2379
2084	2343
2085	714
2086	867
2087	2797
2088	959
2089	565
2090	2293
2091	1226
2092	654
2093	510
2094	857
2095	2269
2096	358
2097	2773
2098	201
2099	2676
2100	2490
2101	291
2102	834
2103	1930
2104	1814
2105	1718
2106	1851
2107	2763
2108	788
2109	1515
2110	1071
2111	2231
2112	1726
2113	1103
2114	1838
2115	2787
2116	614
2117	304
2118	1468
2119	873
2120	1419
2121	1361
2122	1291
2123	435
2124	100
2125	204
2126	961
2127	1146
2128	1912
2129	1077
2130	1682
2131	1943
2132	141
2133	2691
2134	517
2135	880
2136	1753
2137	1329
2138	3
2139	2240
2140	1245
2141	2447
2142	1681
2143	1906
2144	2666
2145	1472
2146	1673
2147	2814
2148	694
2149	1891
2150	1590
2151	2921
2152	1492
2153	2030
2154	662
2155	2647
2156	157
2157	1028
2158	677
2159	364
2160	2348
2161	1993
2162	1719
2163	6
2164	2712
2165	2081
2166	1934
2167	451
2168	1696
2169	49
2170	962
2171	2315
2172	239
2173	1875
2174	1407
2175	2953
2176	1867
2177	968
2178	22
2179	2705
2180	1130
2181	1894
2182	621
2183	2309
2184	2206
2185	2854
2186	2359
2187	2331
2188	2179
2189	1574
2190	1900
2191	2881
2192	1589
2193	423
2194	2406
2195	483
2196	1762
2197	2825
2198	1388
2199	2752
2200	1970
2201	315
2202	471
2203	2939
2204	2455
2205	1697
2206	2468
2207	1774
2208	1771
2209	401
2210	2760
2211	2758
2212	1074
2213	154
2214	1716
2215	399
2216	1667
2217	17
2218	2407
2219	2845
2220	151
2221	9
2222	2662
2223	2721
2224	887
2225	1741
2226	956
2227	1085
2228	1160
2229	1180
2230	111
2231	1540
2232	1300
2233	1938
2234	2321
2235	2279
2236	1961
2237	2820
2238	442
2239	1625
2240	1357
2241	417
2242	276
2243	2281
2244	2650
2245	973
2246	2254
2247	901
2248	1192
2249	1870
2250	1449
2251	2
2252	1372
2253	953
2254	2915
2255	1812
2256	1638
2257	1856
2258	2885
2259	1331
2260	2024
2261	604
2262	2280
2263	2451
2264	1394
2265	77
2266	2680
2267	1448
2268	944
2269	282
2270	1705
2271	750
2272	1779
2273	2135
2274	2453
2275	129
2276	2577
2277	1046
2278	613
2279	466
2280	1778
2281	2509
2282	2977
2283	1218
2284	2865
2285	527
2286	2869
2287	966
2288	2563
2289	2817
2290	599
2291	1048
2292	1264
2293	2182
2294	1654
2295	2551
2296	2145
2297	668
2298	79
2299	1528
2300	1564
2301	137
2302	1608
2303	803
2304	1983
2305	636
2306	2306
2307	2561
2308	2829
2309	2283
2310	1102
2311	2268
2312	1764
2313	2508
2314	92
2315	931
2316	974
2317	2806
2318	1100
2319	1219
2320	1786
2321	1162
2322	1174
2323	2063
2324	904
2325	1600
2326	2004
2327	2129
2328	1481
2329	263
2330	926
2331	717
2332	1723
2333	1207
2334	2174
2335	271
2336	1622
2337	1702
2338	1149
2339	978
2340	2736
2341	1490
2342	2984
2343	911
2344	2918
2345	1137
2346	2147
2347	2882
2348	82
2349	2636
2350	753
2351	2850
2352	1237
2353	609
2354	390
2355	1624
2356	74
2357	138
2358	115
2359	2810
2360	616
2361	1412
2362	943
2363	2263
2364	1268
2365	923
2366	2154
2367	2132
2368	2580
2369	2655
2370	580
2371	1972
2372	1710
2373	2963
2374	114
2375	2765
2376	2914
2377	406
2378	554
2379	2704
2380	236
2381	2612
2382	897
2383	2573
2384	2774
2385	2072
2386	2924
2387	767
2388	86
2389	1478
2390	2596
2391	1969
2392	167
2393	2303
2394	1151
2395	1330
2396	2599
2397	277
2398	1712
2399	324
2400	756
2401	1563
2402	2433
2403	1609
2404	773
2405	666
2406	1733
2407	419
2408	372
2409	2942
2410	2204
2411	2934
2412	2720
2413	247
2414	1397
2415	1234
2416	1205
2417	255
2418	2619
2419	1695
2420	1414
2421	133
2422	1921
2423	355
2424	327
2425	2342
2426	409
2427	2732
2428	2684
2429	180
2430	924
2431	2988
2432	2543
2433	594
2434	1855
2435	2935
2436	895
2437	725
2438	501
2439	2848
2440	1367
2441	36
2442	164
2443	918
2444	2610
2445	735
2446	864
2447	837
2448	721
2449	2337
2450	800
2451	1057
2452	2799
2453	2753
2454	1303
2455	1670
2456	309
2457	321
2458	2328
2459	1616
2460	503
2461	2491
2462	51
2463	2938
2464	383
2465	430
2466	1990
2467	2887
2468	949
2469	1548
2470	1055
2471	507
2472	2216
2473	1517
2474	306
2475	253
2476	1446
2477	790
2478	322
2479	11
2480	660
2481	2415
2482	1263
2483	805
2484	555
2485	2823
2486	2557
2487	743
2488	1022
2489	1178
2490	1767
2491	266
2492	1159
2493	2270
2494	2784
2495	752
2496	1251
2497	885
2498	2427
2499	908
2500	427
2501	1413
2502	2070
2503	1498
2504	1849
2505	1655
2506	872
2507	913
2508	2781
2509	67
2510	2012
2511	1400
2512	697
2513	1886
2514	1457
2515	2500
2516	226
2517	272
2518	950
2519	1301
2520	1824
2521	1156
2522	2731
2523	1758
2524	2010
2525	2387
2526	644
2527	2987
2528	2199
2529	2999
2530	438
2531	1368
2532	1963
2533	1318
2534	1080
2535	1322
2536	2008
2537	1384
2538	2695
2539	460
2540	933
2541	252
2542	1799
2543	1996
2544	776
2545	1861
2546	2639
2547	1911
2548	2750
2549	849
2550	1183
2551	313
2552	170
2553	1800
2554	1475
2555	1430
2556	1920
2557	2634
2558	245
2559	2392
2560	1175
2561	1104
2562	2523
2563	211
2564	1008
2565	2227
2566	2782
2567	1197
2568	187
2569	2670
2570	2381
2571	611
2572	744
2573	1155
2574	1830
2575	669
2576	2812
2577	2043
2578	1165
2579	1640
2580	689
2581	1014
2582	489
2583	1271
2584	1994
2585	1043
2586	345
2587	1373
2588	2229
2589	2073
2590	2772
2591	127
2592	2800
2593	1591
2594	1362
2595	2196
2596	1131
2597	476
2598	831
2599	88
2600	1063
2601	1168
2602	2883
2603	256
2604	2535
2605	1903
2606	246
2607	2841
2608	1045
2609	1635
2610	2304
2611	2674
2612	2298
2613	2908
2614	1115
2615	388
2616	811
2617	2142
2618	2538
2619	2319
2620	1313
2621	574
2622	1731
2623	1312
2624	1225
2625	2929
2626	921
2627	2276
2628	2292
2629	2385
2630	2651
2631	2489
2632	957
2633	2322
2634	467
2635	2714
2636	1323
2637	68
2638	2937
2639	2374
2640	2578
2641	814
2642	2120
2643	2583
2644	2643
2645	1882
2646	91
2647	2162
2648	2140
2649	156
2650	815
2651	498
2652	674
2653	2376
2654	1436
2655	2965
2656	1438
2657	2404
2658	2762
2659	2898
2660	2181
2661	1497
2662	2472
2663	2649
2664	2911
2665	2718
2666	2840
2667	1437
2668	2964
2669	97
2670	1265
2671	169
2672	2962
2673	910
2674	1864
2675	2861
2676	354
2677	1167
2678	1222
2679	1722
2680	1374
2681	2172
2682	1054
2683	1375
2684	2928
2685	1315
2686	1754
2687	1576
2688	2495
2689	2700
2690	1338
2691	222
2692	1188
2693	534
2694	865
2695	1173
2696	1040
2697	1948
2698	618
2699	2195
2700	2623
2701	1359
2702	200
2703	1254
2704	1031
2705	283
2706	2940
2707	2333
2708	787
2709	2540
2710	332
2711	1949
2712	1121
2713	1820
2714	2054
2715	2518
2716	1216
2717	1261
2718	2838
2719	2287
2720	2126
2721	2426
2722	1968
2723	1863
2724	60
2725	2482
2726	1006
2727	2205
2728	2779
2729	132
2730	1471
2731	1883
2732	1958
2733	1587
2734	2190
2735	1506
2736	545
2737	1959
2738	331
2739	1267
2740	723
2741	663
2742	478
2743	1030
2744	1649
2745	268
2746	751
2747	99
2748	131
2749	2966
2750	1780
2751	128
2752	990
2753	1677
2754	29
2755	2139
2756	2996
2757	1070
2758	600
2759	2798
2760	46
2761	1202
2762	2036
2763	2665
2764	1128
2765	2307
2766	602
2767	1827
2768	547
2769	2448
2770	351
2771	680
2772	307
2773	1626
2774	983
2775	1042
2776	1669
2777	1787
2778	1602
2779	1817
2780	945
2781	2678
2782	900
2783	1530
2784	1344
2785	506
2786	2345
2787	707
2788	2483
2789	98
2790	1769
2791	2119
2792	199
2793	251
2794	1052
2795	2282
2796	1793
2797	648
2798	2212
2799	2913
2800	591
2801	2118
2802	1680
2803	1569
2804	486
2805	280
2806	2416
2807	2888
2808	1913
2809	1082
2810	1966
2811	2857
2812	1658
2813	2932
2814	215
2815	2241
2816	2920
2817	1140
2818	2067
2819	212
2820	117
2821	915
2822	2466
2823	1319
2824	464
2825	2713
2826	2284
2827	523
2828	2729
2829	2555
2830	2408
2831	1314
2832	852
2833	1334
2834	2945
2835	1150
2836	598
2837	158
2838	976
2839	1194
2840	1789
2841	1108
2842	2347
2843	2230
2844	1434
2845	264
2846	2675
2847	444
2848	270
2849	2847
2850	462
2851	70
2852	2217
2853	568
2854	1964
2855	799
2856	2961
2857	792
2858	875
2859	2901
2860	856
2861	2220
2862	1918
2863	1992
2864	2710
2865	1220
2866	1766
2867	373
2868	2201
2869	1299
2870	1790
2871	2954
2872	69
2873	1321
2874	597
2875	631
2876	243
2877	1713
2878	2552
2879	1775
2880	1269
2881	2870
2882	269
2883	2607
2884	2501
2885	2464
2886	1773
2887	2808
2888	1821
2889	1424
2890	971
2891	1691
2892	538
2893	2372
2894	1148
2895	1383
2896	1603
2897	1975
2898	2663
2899	2755
2900	2473
2901	2192
2902	2575
2903	573
2904	1879
2905	840
2906	1189
2907	2020
2908	1546
2909	2516
2910	279
2911	2218
2912	772
2913	2554
2914	1317
2915	61
2916	562
2917	1447
2918	456
2919	2344
2920	493
2921	704
2922	465
2923	391
2924	1656
2925	749
2926	2775
2927	550
2928	433
2929	860
2930	47
2931	1557
2932	734
2933	1749
2934	2146
2935	143
2936	1485
2937	1578
2938	1239
2939	685
2940	2733
2941	727
2942	1170
2943	2904
2944	2737
2945	711
2946	2989
2947	1050
2948	2862
2949	2682
2950	150
2951	2835
2952	960
2953	175
2954	58
2955	2657
2956	2457
2957	7
2958	378
2959	1356
2960	1134
2961	1275
2962	2528
2963	1021
2964	2697
2965	1685
2966	1034
2967	903
2968	487
2969	2875
2970	2114
2971	2502
2972	2556
2973	1228
2974	1627
2975	2769
2976	2026
2977	2517
2978	980
2979	2121
2980	1024
2981	1518
2982	2654
2983	2969
2984	1606
2985	1982
2986	2744
2987	2327
2988	2659
2989	2403
2990	340
2991	1041
2992	375
2993	2493
2994	747
2995	2080
2996	1306
2997	1544
2998	490
2999	2153
3000	645
3001	398