5000
1	79
2	1420
3	4787
4	1482
5	3006
6	1735
7	2373
8	198
9	2651
10	739
11	2353
12	1436
13	1461
14	49
15	1059
16	2013
17	294
18	2568
19	4986
20	744
21	4741
22	4978
23	558
24	3262
25	2918
26	913
27	2160
28	946
29	3944
30	527
31	4895
32	4269
33	2436
34	4651
35	2728
36	548
37	1026
38	1847
39	1914
40	2634
41	3357
42	3563
43	1802
44	4643
45	4905
46	2806
47	216
48	3055
49	3168
50	2213
51	2895
52	3217
53	277
54	1786
55	1477
56	3314
57	3421
58	2771
59	4599
60	2702
61	1666
62	4750
63	4983
64	3372
65	4300
66	621
67	183
68	4919
69	1025
70	1734
71	4440
72	3909
73	4527
74	1413
75	1056
76	2987
77	1687
78	1814
79	2157
80	4623
81	3485
82	2248
83	2580
84	4359
85	41
86	4439
87	1587
88	2599
89	4408
90	840
91	3247
92	235
93	1985
94	2308
95	2768
96	554
97	3391
98	799
99	3291
100	3081
101	722
102	388
103	1813
104	1661
105	1294
106	4211
107	4734
108	4935
109	785
110	1725
111	192
112	1087
113	4233
114	1138
115	2027
116	4595
117	3225
118	4774
119	4863
120	1684
121	831
122	833
123	759
124	3976
125	2647
126	1845
127	1024
128	4141
129	173
130	236
131	4540
132	4441
133	3844
134	3955
135	1937
136	1726
137	983
138	1681
139	3046
140	2032
141	3243
142	1027
143	4139
144	1197
145	2978
146	4884
147	780
148	3318
149	4454
150	2230
151	2470
152	4837
153	4563
154	532
155	4512
156	4974
157	2383
158	1382
159	797
160	342
161	3543
162	2915
163	289
164	1156
165	1331
166	3259
167	4556
168	698
169	3412
170	4128
171	1248
172	1428
173	3108
174	1447
175	3072
176	1793
177	3790
178	3423
179	2183
180	4334
181	3746
182	1982
183	4486
184	3389
185	4671
186	4879
187	2860
188	857
189	3603
190	2054
191	2145
192	4762
193	679
194	2439
195	1819
196	3371
197	1954
198	786
199	1289
200	1280
201	1638
202	3078
203	4865
204	3886
205	73
206	2547
207	1917
208	4387
209	1649
210	3729
211	4222
212	3424
213	4573
214	4880
215	3184
216	942
217	2747
218	144
219	172
220	1588
221	3803
222	3632
223	662
224	1236
225	1086
226	4469
227	3027
228	3531
229	2896
230	2022
231	4071
232	4590
233	2544
234	1930
235	1565
236	3571
237	1831
238	322
239	101
240	3532
241	1035
242	3858
243	4326
244	2093
245	2721
246	700
247	4181
248	1507
249	2372
250	2419
251	2362
252	4951
253	2505
254	2512
255	4856
256	490
257	2619
258	1094
259	645
260	623
261	2457
262	2600
263	1756
264	1217
265	3261
266	3534
267	729
268	1158
269	3381
270	3360
271	2618
272	3449
273	65
274	1920
275	4066
276	1746
277	259
278	3162
279	716
280	87
281	3721
282	1136
283	1118
284	127
285	4436
286	2066
287	3914
288	3882
289	207
290	273
291	1701
292	1256
293	3237
294	1306
295	1853
296	3420
297	180
298	2234
299	4567
300	1959
301	4243
302	2364
303	560
304	4053
305	3473
306	2043
307	2947
308	2803
309	1949
310	4560
311	4475
312	1586
313	2097
314	379
315	3193
316	4396
317	4635
318	3441
319	4453
320	725
321	3458
322	1258
323	2401
324	3789
325	4511
326	1172
327	2689
328	3132
329	2493
330	1641
331	4446
332	3001
333	4799
334	1842
335	3667
336	4757
337	2314
338	2845
339	1541
340	758
341	519
342	4639
343	4729
344	897
345	494
346	1647
347	579
348	3705
349	3302
350	2442
351	3312
352	478
353	150
354	622
355	2833
356	2511
357	4407
358	4324
359	2542
360	3254
361	2115
362	1682
363	2772
364	3840
365	4303
366	3061
367	620
368	340
369	427
370	4468
371	2958
372	2691
373	3010
374	2588
375	1356
376	4766
377	4021
378	3963
379	4886
380	1364
381	184
382	4910
383	2883
384	1865
385	4723
386	2902
387	4843
388	2638
389	3159
390	4022
391	2070
392	3575
393	4742
394	2440
395	2698
396	2670
397	4931
398	1566
399	4183
400	425
401	307
402	4115
403	4257
404	1763
405	2257
406	3121
407	2648
408	2525
409	401
410	3429
411	3802
412	2297
413	4241
414	4019
415	2245
416	2273
417	2802
418	3604
419	4577
420	4912
421	3942
422	449
423	1822
424	842
425	2701
426	4095
427	2263
428	4546
429	4433
430	2060
431	3862
432	4899
433	3587
434	3572
435	4186
436	4990
437	122
438	4876
439	1515
440	4776
441	3551
442	2099
443	2764
444	4626
445	2971
446	3137
447	2534
448	4170
449	1710
450	726
451	941
452	1432
453	1560
454	1622
455	2050
456	1506
457	2827
458	3024
459	2492
460	3028
461	4883
462	1312
463	2765
464	1518
465	282
466	3332
467	1517
468	2114
469	3845
470	4785
471	2309
472	3347
473	1608
474	4957
475	1801
476	4114
477	1249
478	921
479	4194
480	2354
481	1250
482	3118
483	211
484	864
485	295
486	1358
487	38
488	117
489	1303
490	3094
491	114
492	3057
493	2762
494	3051
495	168
496	1146
497	616
498	1789
499	3019
500	147
501	4344
502	559
503	2879
504	4371
505	2290
506	1905
507	1787
508	600
509	2243
510	2924
511	930
512	2324
513	2412
514	2188
515	4536
516	3716
517	4620
518	306
519	2174
520	1960
521	4561
522	3897
523	2217
524	2365
525	691
526	3639
527	1216
528	2749
529	2445
530	3341
531	2402
532	4764
533	4835
534	2742
535	4309
536	4522
537	3246
538	4967
539	4823
540	4806
541	1276
542	4852
543	1821
544	3492
545	2109
546	4363
547	1325
548	4568
549	470
550	571
551	4861
552	1677
553	132
554	4949
555	179
556	873
557	3798
558	310
559	104
560	1554
561	509
562	1282
563	4464
564	86
565	3913
566	2921
567	2426
568	2909
569	3207
570	2352
571	3879
572	1543
573	4247
574	3666
575	3787
576	3794
577	4593
578	1204
579	3983
580	1015
581	4493
582	409
583	714
584	3236
585	25
586	2467
587	1816
588	1380
589	2590
590	258
591	1656
592	4347
593	2622
594	1440
595	2384
596	3996
597	3526
598	1526
599	2677
600	4007
601	1195
602	268
603	3455
604	3007
605	2004
606	2193
607	2472
608	883
609	1534
610	1635
611	1299
612	1691
613	2129
614	1653
615	570
616	824
617	1454
618	2652
619	28
620	4915
621	3442
622	261
623	512
624	3284
625	1911
626	435
627	3654
628	4936
629	2625
630	3404
631	3170
632	3778
633	3093
634	451
635	682
636	1520
637	1489
638	2382
639	1315
640	2901
641	108
642	431
643	3214
644	1302
645	2313
646	4425
647	1989
648	4282
649	4813
650	1956
651	1530
652	1781
653	4402
654	3337
655	2886
656	2452
657	557
658	619
659	551
660	1895
661	433
662	2040
663	2437
664	4632
665	3249
666	4217
667	3231
668	3725
669	3044
670	166
671	4550
672	177
673	1640
674	4655
675	3641
676	552
677	827
678	359
679	4124
680	1145
681	1320
682	4698
683	3977
684	4201
685	2538
686	1474
687	3075
688	1063
689	1309
690	3219
691	3221
692	4495
693	4681
694	3842
695	2125
696	3941
697	78
698	2299
699	884
700	3405
701	341
702	1887
703	3491
704	4831
705	2224
706	4376
707	1287
708	4033
709	533
710	1500
711	1757
712	3588
713	1613
714	2569
715	2175
716	2294
717	4916
718	1057
719	3133
720	938
721	23
722	2848
723	3723
724	878
725	34
726	513
727	3188
728	2974
729	455
730	1589
731	1860
732	712
733	1130
734	4629
735	2983
736	944
737	396
738	3514
739	4038
740	284
741	2460
742	3651
743	3623
744	167
745	3099
746	720
747	902
748	3011
749	3554
750	4621
751	484
752	2624
753	1861
754	3550
755	2783
756	1874
757	3033
758	1067
759	2055
760	2179
761	4239
762	1854
763	1651
764	4507
765	4358
766	3676
767	1170
768	2485
769	88
770	612
771	2577
772	4428
773	4594
774	2335
775	4069
776	3092
777	546
778	1128
779	4772
780	1202
781	3646
782	2481
783	2424
784	3674
785	4055
786	1442
787	1161
788	1737
789	2875
790	2820
791	614
792	1856
793	3251
794	2117
795	2709
796	352
797	480
798	3812
799	2838
800	807
801	4213
802	3821
803	1157
804	205
805	223
806	4467
807	304
808	524
809	2592
810	3454
811	3544
812	2106
813	755
814	3837
815	4318
816	4298
817	3428
818	4231
819	3825
820	1827
821	4531
822	2478
823	4063
824	1771
825	2822
826	899
827	854
828	1244
829	2476
830	2815
831	4078
832	1984
833	2950
834	2182
835	1096
836	1370
837	3852
838	2567
839	3414
840	1953
841	3388
842	3900
843	556
844	2261
845	761
846	3226
847	1173
848	2008
849	4253
850	4972
851	316
852	3569
853	4721
854	3417
855	4169
856	2220
857	4920
858	4547
859	2560
860	1200
861	4679
862	1190
863	1264
864	1033
865	3161
866	2598
867	1283
868	2028
869	1472
870	4207
871	1486
872	2748
873	1844
874	3384
875	3210
876	3083
877	806
878	3293
879	3648
880	4768
881	2694
882	3730
883	195
884	1046
885	3520
886	1556
887	40
888	1337
889	2337
890	3923
891	655
892	4871
893	926
894	4549
895	1021
896	3480
897	2681
898	4941
899	3117
900	1245
901	2712
902	4930
903	2400
904	1322
905	2863
906	610
907	2433
908	30
909	2484
910	2855
911	2697
912	3478
913	4391
914	713
915	957
916	89
917	2427
918	2168
919	2256
920	701
921	3518
922	3139
923	3229
924	599
925	1377
926	3614
927	3838
928	4427
929	1023
930	3244
931	2103
932	3201
933	4180
934	2151
935	3328
936	3040
937	4965
938	1825
939	693
940	2576
941	3670
942	3397
943	3753
944	671
945	4311
946	3997
947	1082
948	2065
949	4638
950	4752
951	708
952	270
953	1207
954	3467
955	4020
956	4996
957	1797
958	2718
959	2127
960	3737
961	4401
962	1836
963	1992
964	225
965	3182
966	3483
967	327
968	3601
969	3393
970	1185
971	1032
972	3935
973	4456
974	4498
975	3147
976	1948
977	4814
978	387
979	3961
980	3984
981	3677
982	661
983	3317
984	1385
985	1872
986	1881
987	2277
988	285
989	1965
990	781
991	2510
992	2431
993	3830
994	2551
995	3647
996	3545
997	774
998	4364
999	2042
1000	869
1001	106
1002	3740
1003	4330
1004	356
1005	3649
1006	42
1007	141
1008	1392
1009	1141
1010	4743
1011	4014
1012	4234
1013	4796
1014	1396
1015	1242
1016	1343
1017	4319
1018	3816
1019	3949
1020	263
1021	4457
1022	4669
1023	635
1024	2529
1025	1753
1026	457
1027	2774
1028	3313
1029	4028
1030	4086
1031	35
1032	1997
1033	11
1034	639
1035	1061
1036	279
1037	611
1038	3382
1039	77
1040	1906
1041	2443
1042	2000
1043	1163
1044	329
1045	1452
1046	4073
1047	4557
1048	2869
1049	3659
1050	1582
1051	1048
1052	197
1053	2414
1054	1729
1055	1750
1056	2319
1057	2301
1058	1117
1059	2446
1060	1981
1061	17
1062	4640
1063	3687
1064	2172
1065	1238
1066	856
1067	3693
1068	404
1069	2447
1070	1346
1071	244
1072	2696
1073	728
1074	2482
1075	1585
1076	2329
1077	2184
1078	4690
1079	1206
1080	4192
1081	3622
1082	3989
1083	497
1084	1776
1085	689
1086	469
1087	4614
1088	330
1089	4349
1090	1176
1091	4609
1092	3111
1093	1924
1094	3176
1095	2745
1096	3819
1097	2253
1098	3606
1099	699
1100	1745
1101	690
1102	4630
1103	71
1104	3363
1105	3698
1106	3629
1107	464
1108	493
1109	1338
1110	2794
1111	1762
1112	2496
1113	2453
1114	37
1115	1053
1116	2504
1117	3273
1118	1406
1119	642
1120	889
1121	2830
1122	4780
1123	1742
1124	4223
1125	3138
1126	506
1127	1194
1128	3392
1129	1018
1130	1449
1131	1487
1132	4578
1133	1584
1134	1499
1135	1858
1136	4389
1137	3866
1138	161
1139	4781
1140	4685
1141	683
1142	200
1143	1349
1144	1605
1145	4219
1146	750
1147	266
1148	2976
1149	3457
1150	393
1151	4896
1152	57
1153	3767
1154	1999
1155	4822
1156	4435
1157	3330
1158	3893
1159	4520
1160	3758
1161	58
1162	2847
1163	2502
1164	414
1165	910
1166	724
1167	1574
1168	2870
1169	1652
1170	2897
1171	4357
1172	2632
1173	3342
1174	1478
1175	2903
1176	1212
1177	4581
1178	2226
1179	3445
1180	3488
1181	1013
1182	1065
1183	4585
1184	3070
1185	2910
1186	2258
1187	4736
1188	3366
1189	2602
1190	2585
1191	412
1192	1882
1193	4802
1194	1841
1195	501
1196	2152
1197	4811
1198	4680
1199	638
1200	2704
1201	3440
1202	2333
1203	2637
1204	3212
1205	4155
1206	1408
1207	1558
1208	1224
1209	3567
1210	2741
1211	3627
1212	4707
1213	4826
1214	4221
1215	1221
1216	4422
1217	1134
1218	3529
1219	181
1220	4947
1221	1803
1222	2061
1223	2388
1224	1387
1225	4288
1226	4819
1227	450
1228	1788
1229	978
1230	526
1231	1817
1232	1384
1233	3468
1234	473
1235	1230
1236	1421
1237	581
1238	4320
1239	1438
1240	128
1241	2464
1242	1662
1243	1631
1244	4700
1245	4008
1246	4087
1247	1673
1248	2098
1249	1000
1250	1798
1251	448
1252	2336
1253	740
1254	752
1255	3280
1256	1101
1257	2347
1258	3025
1259	2165
1260	672
1261	3376
1262	61
1263	2929
1264	3218
1265	3204
1266	2620
1267	272
1268	428
1269	2656
1270	2781
1271	4177
1272	85
1273	2500
1274	3772
1275	3175
1276	1838
1277	424
1278	241
1279	2272
1280	907
1281	4666
1282	4800
1283	4604
1284	3711
1285	2667
1286	812
1287	1324
1288	2021
1289	3822
1290	2643
1291	3833
1292	4591
1293	1928
1294	1435
1295	237
1296	130
1297	2332
1298	2543
1299	2094
1300	1890
1301	4068
1302	2864
1303	1987
1304	1994
1305	3671
1306	496
1307	4622
1308	1943
1309	741
1310	1253
1311	1186
1312	736
1313	4625
1314	2674
1315	4642
1316	3533
1317	1047
1318	1955
1319	1404
1320	1951
1321	4328
1322	3864
1323	4574
1324	2914
1325	344
1326	3415
1327	704
1328	4372
1329	4898
1330	2993
1331	4267
1332	4985
1333	2738
1334	516
1335	882
1336	55
1337	2799
1338	4290
1339	3895
1340	547
1341	522
1342	4335
1343	1538
1344	1232
1345	1944
1346	3574
1347	2942
1348	4720
1349	155
1350	4786
1351	3114
1352	3873
1353	3700
1354	2330
1355	4506
1356	1115
1357	3719
1358	305
1359	2085
1360	1119
1361	1744
1362	2892
1363	4535
1364	3482
1365	2274
1366	523
1367	583
1368	4081
1369	4827
1370	1085
1371	3268
1372	2058
1373	3738
1374	418
1375	970
1376	2144
1377	1918
1378	157
1379	3806
1380	3774
1381	3460
1382	3112
1383	1411
1384	1837
1385	293
1386	3867
1387	1693
1388	1466
1389	485
1390	2948
1391	1675
1392	2541
1393	4760
1394	4855
1395	2254
1396	4167
1397	643
1398	4648
1399	963
1400	2629
1401	4187
1402	3432
1403	238
1404	2371
1405	4554
1406	3173
1407	3066
1408	3592
1409	4010
1410	686
1411	4844
1412	543
1413	3375
1414	1880
1415	2202
1416	1540
1417	1323
1418	1113
1419	1009
1420	3294
1421	4904
1422	3724
1423	3950
1424	2552
1425	836
1426	948
1427	536
1428	745
1429	4719
1430	3809
1431	924
1432	650
1433	4868
1434	119
1435	2795
1436	3689
1437	4715
1438	4337
1439	2124
1440	2616
1441	4909
1442	423
1443	4029
1444	956
1445	4525
1446	2104
1447	15
1448	1799
1449	2212
1450	1755
1451	1339
1452	2092
1453	903
1454	2225
1455	2873
1456	3109
1457	3097
1458	234
1459	2659
1460	1371
1461	1741
1462	1636
1463	629
1464	2318
1465	3690
1466	3194
1467	2241
1468	1183
1469	4924
1470	4672
1471	2857
1472	3327
1473	1167
1474	4763
1475	72
1476	2776
1477	4113
1478	2912
1479	3683
1480	113
1481	3436
1482	3946
1483	4384
1484	590
1485	3589
1486	2430
1487	4064
1488	591
1489	4345
1490	2130
1491	313
1492	1262
1493	2661
1494	1969
1495	3233
1496	2417
1497	4703
1498	1395
1499	3814
1500	3002
1501	430
1502	748
1503	1286
1504	1279
1505	1606
1506	1833
1507	4092
1508	3227
1509	4650
1510	2118
1511	1184
1512	1121
1513	569
1514	3850
1515	4830
1516	111
1517	2074
1518	4034
1519	2063
1520	487
1521	2166
1522	2136
1523	4419
1524	732
1525	1275
1526	3517
1527	4057
1528	321
1529	3684
1530	684
1531	2867
1532	339
1533	4377
1534	1374
1535	847
1536	3466
1537	4090
1538	3155
1539	823
1540	2239
1541	230
1542	3542
1543	357
1544	3911
1545	1191
1546	1084
1547	3727
1548	1332
1549	4220
1550	2626
1551	2990
1552	4080
1553	4417
1554	2150
1555	4411
1556	2812
1557	1034
1558	3399
1559	2940
1560	2952
1561	3462
1562	802
1563	2137
1564	4524
1565	3999
1566	1083
1567	3335
1568	4942
1569	169
1570	405
1571	1199
1572	439
1573	3731
1574	2715
1575	1313
1576	702
1577	3146
1578	634
1579	2047
1580	4061
1581	1052
1582	3315
1583	2300
1584	3901
1585	2683
1586	3014
1587	1397
1588	353
1589	2191
1590	4976
1591	262
1592	164
1593	4928
1594	4251
1595	3370
1596	3527
1597	1683
1598	3281
1599	1808
1600	4355
1601	1011
1602	2080
1603	2311
1604	2894
1605	3369
1606	2891
1607	2617
1608	1849
1609	542
1610	2111
1611	1678
1612	3045
1613	2031
1614	4617
1615	549
1616	1496
1617	93
1618	3906
1619	1770
1620	302
1621	1203
1622	3451
1623	3104
1624	4097
1625	4395
1626	2116
1627	3630
1628	1772
1629	2262
1630	3060
1631	1104
1632	949
1633	3702
1634	851
1635	2779
1636	4532
1637	1945
1638	2177
1639	795
1640	4653
1641	3925
1642	3584
1643	4415
1644	1494
1645	3230
1646	1820
1647	446
1648	3047
1649	2546
1650	706
1651	264
1652	1550
1653	1879
1654	2961
1655	4998
1656	2038
1657	2395
1658	530
1659	3824
1660	3970
1661	2532
1662	2835
1663	3962
1664	891
1665	2468
1666	1505
1667	2247
1668	1938
1669	681
1670	3636
1671	2121
1672	2282
1673	2853
1674	2549
1675	2843
1676	2826
1677	4588
1678	696
1679	3504
1680	3336
1681	4724
1682	1511
1683	2988
1684	1567
1685	626
1686	2653
1687	94
1688	3017
1689	4725
1690	1335
1691	608
1692	2059
1693	2920
1694	96
1695	1688
1696	4815
1697	4382
1698	3427
1699	103
1700	1492
1701	4356
1702	4185
1703	3437
1704	92
1705	14
1706	2729
1707	541
1708	491
1709	4946
1710	1453
1711	876
1712	2682
1713	4911
1714	2397
1715	550
1716	770
1717	680
1718	292
1719	1620
1720	868
1721	4240
1722	4587
1723	3177
1724	4474
1725	3979
1726	2265
1727	4954
1728	1886
1729	3463
1730	3920
1731	4717
1732	452
1733	269
1734	4254
1735	1790
1736	1791
1737	2479
1738	3708
1739	2821
1740	1307
1741	2338
1742	2214
1743	892
1744	3361
1745	1399
1746	2866
1747	1107
1748	1539
1749	1099
1750	4214
1751	47
1752	218
1753	143
1754	4544
1755	4287
1756	1892
1757	2664
1758	4521
1759	1193
1760	31
1761	1903
1762	4379
1763	2268
1764	3899
1765	3128
1766	3703
1767	2862
1768	453
1769	239
1770	4175
1771	1611
1772	4709
1773	4366
1774	1019
1775	4966
1776	372
1777	1457
1778	3872
1779	1915
1780	1731
1781	1855
1782	776
1783	1429
1784	3664
1785	4834
1786	850
1787	860
1788	4043
1789	7
1790	4616
1791	3484
1792	4973
1793	3190
1794	4487
1795	1528
1796	1535
1797	2228
1798	4146
1799	778
1800	1927
1801	537
1802	4017
1803	1416
1804	1962
1805	3598
1806	1897
1807	1271
1808	4209
1809	2944
1810	1988
1811	852
1812	4390
1813	346
1814	3310
1815	2343
1816	867
1817	156
1818	1925
1819	2753
1820	1140
1821	3851
1822	3036
1823	1850
1824	2302
1825	4279
1826	3686
1827	267
1828	185
1829	1129
1830	3140
1831	4753
1832	2639
1833	3274
1834	2642
1835	3282
1836	70
1837	534
1838	1164
1839	254
1840	4975
1841	1192
1842	3343
1843	562
1844	1246
1845	4509
1846	2079
1847	371
1848	1594
1849	4790
1850	4847
1851	2630
1852	4248
1853	3681
1854	3461
1855	4708
1856	1936
1857	2565
1858	4479
1859	3859
1860	656
1861	3475
1862	1717
1863	1235
1864	1088
1865	3379
1866	4152
1867	1269
1868	2086
1869	2101
1870	3059
1871	1490
1872	937
1873	2960
1874	4494
1875	4332
1876	3008
1877	4049
1878	4255
1879	2009
1880	2641
1881	4502
1882	440
1883	2767
1884	4851
1885	4190
1886	2019
1887	1614
1888	1991
1889	2522
1890	843
1891	1514
1892	1597
1893	3355
1894	1073
1895	318
1896	3741
1897	4565
1898	4526
1899	214
1900	4722
1901	1341
1902	1347
1903	1131
1904	299
1905	465
1906	4606
1907	432
1908	4600
1909	1365
1910	568
1911	2688
1912	4828
1913	2039
1914	2714
1915	3270
1916	19
1917	334
1918	154
1919	2269
1920	2663
1921	2410
1922	2572
1923	4037
1924	3528
1925	939
1926	927
1927	4193
1928	995
1929	4000
1930	1972
1931	384
1932	1761
1933	771
1934	3476
1935	3470
1936	1973
1937	3530
1938	2156
1939	2120
1940	1205
1941	2655
1942	1932
1943	3938
1944	582
1945	2187
1946	584
1947	4906
1948	2161
1949	984
1950	3301
1951	2123
1952	2236
1953	1483
1954	2931
1955	4820
1956	4158
1957	952
1958	4824
1959	1336
1960	1610
1961	4491
1962	2056
1963	4605
1964	872
1965	1016
1966	3364
1967	232
1968	3754
1969	922
1970	2016
1971	746
1972	627
1973	1484
1974	3539
1975	3362
1976	1910
1977	3585
1978	3987
1979	2739
1980	4478
1981	3450
1982	923
1983	242
1984	3749
1985	3769
1986	1017
1987	246
1988	1372
1989	3910
1990	328
1991	1368
1992	1233
1993	1593
1994	4798
1995	4346
1996	1120
1997	228
1998	2975
1999	2398
2000	1512
2001	3576
2002	2818
2003	1921
2004	3863
2005	4476
2006	4259
2007	3203
2008	257
2009	4492
2010	4202
2011	3444
2012	1548
2013	3541
2014	74
2015	3593
2016	4421
2017	3353
2018	3656
2019	4392
2020	3896
2021	798
2022	2010
2023	3856
2024	3150
2025	1367
2026	3192
2027	4352
2028	4465
2029	27
2030	4380
2031	4480
2032	2006
2033	317
2034	4171
2035	929
2036	1728
2037	2666
2038	3386
2039	4496
2040	2276
2041	2824
2042	3163
2043	4862
2044	3292
2045	4056
2046	3978
2047	4162
2048	2548
2049	4702
2050	4138
2051	2185
2052	4082
2053	2970
2054	825
2055	4277
2056	3185
2057	3041
2058	1902
2059	343
2060	1155
2061	2727
2062	1044
2063	3256
2064	4699
2065	1537
2066	4603
2067	3947
2068	2808
2069	4836
2070	3345
2071	194
2072	2959
2073	2695
2074	2880
2075	3134
2076	110
2077	4792
2078	4857
2079	1252
2080	3438
2081	3242
2082	1979
2083	3991
2084	3359
2085	1889
2086	3618
2087	1660
2088	1301
2089	617
2090	4370
2091	3605
2092	3158
2093	3734
2094	4274
2095	1111
2096	2158
2097	4892
2098	2564
2099	1509
2100	2660
2101	2499
2102	1407
2103	4142
2104	1491
2105	4129
2106	4096
2107	3352
2108	1516
2109	4645
2110	152
2111	1632
2112	2034
2113	3283
2114	3086
2115	3053
2116	2091
2117	1779
2118	2351
2119	349
2120	2310
2121	3407
2122	4481
2123	75
2124	2809
2125	82
2126	751
2127	2197
2128	2285
2129	4657
2130	2396
2131	366
2132	4881
2133	2378
2134	375
2135	1769
2136	4483
2137	2278
2138	839
2139	4079
2140	100
2141	1228
2142	2575
2143	4659
2144	2461
2145	4258
2146	4116
2147	3110
2148	853
2149	2317
2150	1039
2151	4089
2152	2173
2153	4816
2154	2087
2155	1908
2156	4710
2157	3288
2158	2238
2159	52
2160	1069
2161	987
2162	4849
2163	2463
2164	2885
2165	1579
2166	4874
2167	2387
2168	4810
2169	3197
2170	43
2171	760
2172	1862
2173	4368
2174	1319
2175	3493
2176	1634
2177	4447
2178	4872
2179	4923
2180	4263
2181	3952
2182	2015
2183	4580
2184	3179
2185	2982
2186	1549
2187	2556
2188	1326
2189	4420
2190	1834
2191	1402
2192	4354
2193	407
2194	1883
2195	933
2196	3726
2197	3266
2198	345
2199	2194
2200	2473
2201	2045
2202	2930
2203	3202
2204	1218
2205	4582
2206	4156
2207	2595
2208	1433
2209	1522
2210	1564
2211	2539
2212	4530
2213	2904
2214	4168
2215	4866
2216	2527
2217	1425
2218	4890
2219	4718
2220	976
2221	3050
2222	488
2223	1030
2224	4982
2225	972
2226	3712
2227	4569
2228	3570
2229	2475
2230	651
2231	386
2232	4797
2233	1227
2234	3129
2235	3732
2236	3350
2237	3469
2238	2593
2239	3287
2240	265
2241	1005
2242	1630
2243	3077
2244	1123
2245	4970
2246	4424
2247	2985
2248	2574
2249	4950
2250	1519
2251	3907
2252	233
2253	3321
2254	4586
2255	4112
2256	2669
2257	2528
2258	649
2259	1002
2260	3000
2261	3669
2262	3535
2263	2737
2264	3507
2265	677
2266	3351
2267	4791
2268	2506
2269	3853
2270	749
2271	2357
2272	3795
2273	4675
2274	1719
2275	3200
2276	2829
2277	4665
2278	51
2279	4308
2280	278
2281	4075
2282	4206
2283	2558
2284	3149
2285	974
2286	4302
2287	2501
2288	2756
2289	4264
2290	4968
2291	4541
2292	4860
2293	1072
2294	1751
2295	4953
2296	3751
2297	2096
2298	429
2299	2798
2300	2524
2301	2078
2302	660
2303	2692
2304	1093
2305	932
2306	1189
2307	3324
2308	2686
2309	2465
2310	540
2311	3628
2312	3116
2313	1455
2314	3043
2315	4295
2316	3875
2317	764
2318	3957
2319	2233
2320	1074
2321	3396
2322	3860
2323	1503
2324	3278
2325	1643
2326	4024
2327	2680
2328	4508
2329	3777
2330	4779
2331	4266
2332	1001
2333	2406
2334	3154
2335	4706
2336	1340
2337	1239
2338	935
2339	121
2340	444
2341	4908
2342	4858
2343	135
2344	2163
2345	2036
2346	351
2347	3130
2348	4147
2349	2750
2350	2374
2351	1694
2352	4273
2353	2404
2354	4297
2355	3472
2356	4991
2357	1006
2358	2645
2359	4042
2360	3039
2361	743
2362	4737
2363	593
2364	4956
2365	3402
2366	3878
2367	2483
2368	1066
2369	1352
2370	415
2371	2907
2372	596
2373	66
2374	1563
2375	158
2376	3356
2377	462
2378	2938
2379	3425
2380	1894
2381	1241
2382	2711
2383	118
2384	1154
2385	2662
2386	2237
2387	1051
2388	4598
2389	1316
2390	2596
2391	3655
2392	1426
2393	828
2394	4284
2395	538
2396	3435
2397	3908
2398	4160
2399	2283
2400	3766
2401	832
2402	3644
2403	2573
2404	3883
2405	2072
2406	3768
2407	1281
2408	2135
2409	4122
2410	1811
2411	1298
2412	2713
2413	515
2414	3433
2415	2998
2416	1644
2417	3759
2418	229
2419	2882
2420	1394
2421	2933
2422	801
2423	4773
2424	1878
2425	1174
2426	2612
2427	2386
2428	4875
2429	171
2430	2459
2431	224
2432	688
2433	3087
2434	1181
2435	4543
2436	4088
2437	4903
2438	2326
2439	95
2440	2865
2441	1062
2442	2456
2443	3558
2444	4321
2445	3847
2446	250
2447	421
2448	3522
2449	319
2450	2190
2451	1521
2452	4501
2453	217
2454	3068
2455	3238
2456	2305
2457	1583
2458	3101
2459	564
2460	4794
2461	1970
2462	775
2463	4945
2464	2726
2465	99
2466	45
2467	123
2468	911
2469	2787
2470	1375
2471	3167
2472	2844
2473	2850
2474	1998
2475	1553
2476	3783
2477	4165
2478	4484
2479	3756
2480	863
2481	592
2482	1081
2483	3688
2484	1414
2485	4504
2486	580
2487	1931
2488	309
2489	68
2490	1288
2491	2881
2492	1045
2493	3513
2494	1028
2495	934
2496	2899
2497	3367
2498	3831
2499	2609
2500	4612
2501	1713
2502	3106
2503	985
2504	888
2505	3279
2506	2526
2507	644
2508	4225
2509	4199
2510	2597
2511	3122
2512	1405
2513	1545
2514	381
2515	3264
2516	2594
2517	2035
2518	489
2519	916
2520	2635
2521	4694
2522	3447
2523	3015
2524	456
2525	1240
2526	2071
2527	1444
2528	3089
2529	1366
2530	1859
2531	535
2532	4812
2533	397
2534	4195
2535	162
2536	3720
2537	2048
2538	3672
2539	2956
2540	2631
2541	3252
2542	920
2543	3032
2544	1848
2545	2369
2546	3430
2547	520
2548	633
2549	4182
2550	3013
2551	674
2552	3439
2553	420
2554	2323
2555	2658
2556	3969
2557	925
2558	1995
2559	136
2560	2292
2561	965
2562	4276
2563	2991
2564	664
2565	333
2566	22
2567	1760
2568	3834
2569	314
2570	3634
2571	3105
2572	4842
2573	1040
2574	3005
2575	2260
2576	1126
2577	4163
2578	4821
2579	1871
2580	2053
2581	1261
2582	2018
2583	1986
2584	3695
2585	4252
2586	2231
2587	4517
2588	1188
2589	4833
2590	2754
2591	3662
2592	2315
2593	2535
2594	783
2595	1369
2596	3
2597	959
2598	3183
2599	511
2600	4634
2601	2367
2602	3871
2603	2650
2604	4552
2605	4668
2606	3333
2607	1669
2608	3577
2609	1658
2610	4204
2611	2861
2612	2676
2613	3521
2614	3764
2615	505
2616	4378
2617	2255
2618	2533
2619	36
2620	2757
2621	3874
2622	3936
2623	4566
2624	2531
2625	1266
2626	2462
2627	4693
2628	2649
2629	4846
2630	176
2631	3065
2632	3843
2633	3799
2634	2391
2635	1328
2636	4619
2637	1964
2638	1038
2639	3791
2640	390
2641	4101
2642	2046
2643	90
2644	1940
2645	4809
2646	1300
2647	803
2648	3004
2649	2122
2650	275
2651	3609
2652	4808
2653	2296
2654	2852
2655	2110
2656	1077
2657	3515
2658	3166
2659	2927
2660	2946
2661	3905
2662	917
2663	2331
2664	2967
2665	3556
2666	1686
2667	2790
2668	4184
2669	1064
2670	4058
2671	2898
2672	1655
2673	2744
2674	1165
2675	1508
2676	1765
2677	475
2678	2489
2679	1196
2680	256
2681	2994
2682	3620
2683	4716
2684	2778
2685	1578
2686	2733
2687	1939
2688	1357
2689	4803
2690	2280
2691	2355
2692	2586
2693	1767
2694	13
2695	2752
2696	1870
2697	1723
2698	1132
2699	368
2700	1105
2701	4210
2702	4877
2703	1501
2704	3443
2705	654
2706	4637
2707	4555
2708	1876
2709	2429
2710	5000
2711	2673
2712	1580
2713	4505
2714	4473
2715	3322
2716	3992
2717	1904
2718	2002
2719	4771
2720	1502
2721	231
2722	2394
2723	1868
2724	992
2725	3600
2726	422
2727	3722
2728	3206
2729	618
2730	301
2731	4381
2732	977
2733	4841
2734	482
2735	1633
2736	4997
2737	504
2738	2606
2739	336
2740	471
2741	2186
2742	4305
2743	466
2744	2508
2745	4959
2746	3718
2747	705
2748	2966
2749	3125
2750	768
2751	324
2752	4726
2753	4133
2754	4032
2755	4127
2756	4756
2757	4922
2758	3839
2759	943
2760	2700
2761	1116
2762	3775
2763	2449
2764	578
2765	240
2766	2321
2767	18
2768	1055
2769	4110
2770	3403
2771	3579
2772	3714
2773	2687
2774	4661
2775	1171
2776	4987
2777	1672
2778	1225
2779	2780
2780	2415
2781	367
2782	4711
2783	1148
2784	1806
2785	4644
2786	4887
2787	4338
2788	886
2789	769
2790	762
2791	1730
2792	3257
2793	2249
2794	545
2795	3924
2796	4265
2797	4539
2798	805
2799	2890
2800	1124
2801	492
2802	2758
2803	2817
2804	2289
2805	4926
2806	16
2807	4713
2808	3857
2809	4845
2810	905
2811	3191
2812	784
2813	1290
2814	3810
2815	3807
2816	1159
2817	710
2818	2628
2819	4795
2820	2730
2821	3884
2822	3918
2823	12
2824	3602
2825	2788
2826	2900
2827	500
2828	411
2829	3854
2830	4667
2831	3464
2832	3776
2833	4873
2834	59
2835	2540
2836	3829
2837	1513
2838	4150
2839	3561
2840	1743
2841	2083
2842	1983
2843	3736
2844	4198
2845	4316
2846	3813
2847	3338
2848	4012
2849	3377
2850	2081
2851	4216
2852	1210
2853	1143
2854	4740
2855	2350
2856	4173
2857	4410
2858	186
2859	2703
2860	2155
2861	4072
2862	4126
2863	2671
2864	4109
2865	2935
2866	3713
2867	2973
2868	1270
2869	1268
2870	2131
2871	4293
2872	572
2873	4027
2874	3395
2875	4062
2876	2287
2877	3497
2878	1
2879	3119
2880	4249
2881	2995
2882	2189
2883	819
2884	190
2885	2786
2886	531
2887	2128
2888	1832
2889	3865
2890	1777
2891	1738
2892	4732
2893	2591
2894	2306
2895	960
2896	1523
2897	940
2898	312
2899	4052
2900	979
2901	472
2902	3653
2903	4676
2904	3136
2905	4291
2906	76
2907	1899
2908	4682
2909	133
2910	2941
2911	2275
2912	3152
2913	4134
2914	3512
2915	1022
2916	2665
2917	170
2918	950
2919	2444
2920	4538
2921	3784
2922	4197
2923	2955
2924	2636
2925	326
2926	1041
2927	4980
2928	360
2929	109
2930	3780
2931	4148
2932	3525
2933	2180
2934	3547
2935	4237
2936	589
2937	3615
2938	153
2939	2498
2940	1637
2941	1443
2942	4125
2943	1695
2944	219
2945	2356
2946	4995
2947	1646
2948	4367
2949	1830
2950	2025
2951	2316
2952	1702
2953	4383
2954	4662
2955	666
2956	2519
2957	4108
2958	3275
2959	4589
2960	362
2961	4584
2962	221
2963	26
2964	4932
2965	3580
2966	4775
2967	3717
2968	2322
2969	97
2970	1601
2971	3009
2972	413
2973	2964
2974	2409
2975	4804
2976	337
2977	1721
2978	3953
2979	734
2980	753
2981	4738
2982	3926
2983	2023
2984	880
2985	2884
2986	1591
2987	2705
2988	2517
2989	249
2990	4136
2991	3800
2992	4839
2993	335
2994	4641
2995	1626
2996	2834
2997	2044
2998	276
2999	4292
3000	2980
3001	3973
3002	1050
3003	1923
3004	3637
3005	4788
3006	966
3007	3880
3008	67
3009	931
3010	3298
3011	1659
3012	358
3013	3156
3014	4360
3015	4341
3016	1493
3017	1430
3018	3826
3019	2207
3020	3744
3021	3583
3022	4413
3023	632
3024	2561
3025	602
3026	900
3027	1090
3028	2458
3029	1388
3030	2868
3031	2342
3032	898
3033	4154
3034	3390
3035	1752
3036	3323
3037	2553
3038	975
3039	1828
3040	291
3041	2133
3042	2206
3043	4093
3044	4030
3045	1720
3046	3682
3047	3326
3048	3311
3049	996
3050	3645
3051	1888
3052	573
3053	2222
3054	298
3055	80
3056	3290
3057	1036
3058	1724
3059	2215
3060	2514
3061	2846
3062	4754
3063	1254
3064	4099
3065	1327
3066	3489
3067	3998
3068	1360
3069	521
3070	3223
3071	131
3072	830
3073	4059
3074	2221
3075	2203
3076	377
3077	460
3078	4686
3079	4697
3080	2584
3081	1092
3082	2530
3083	1355
3084	2455
3085	4503
3086	3710
3087	4444
3088	2615
3089	555
3090	2469
3091	2076
3092	715
3093	1866
3094	226
3095	4607
3096	402
3097	4386
3098	874
3099	631
3100	3035
3101	3770
3102	320
3103	369
3104	3762
3105	2229
3106	727
3107	3560
3108	2804
3109	178
3110	1350
3111	395
3112	981
3113	2735
3114	3253
3115	1267
3116	909
3117	4510
3118	3144
3119	4161
3120	991
3121	3596
3122	1393
3123	2204
3124	2708
3125	2734
3126	814
3127	4035
3128	4230
3129	2957
3130	993
3131	4455
3132	2657
3133	1829
3134	2169
3135	1418
3136	763
3137	2913
3138	4084
3139	3187
3140	2216
3141	2344
3142	4613
3143	4458
3144	855
3145	3685
3146	3739
3147	1942
3148	3418
3149	1916
3150	4104
3151	287
3152	2360
3153	951
3154	1852
3155	3932
3156	3635
3157	865
3158	3142
3159	2259
3160	4004
3161	4534
3162	4730
3163	2171
3164	6
3165	1529
3166	2413
3167	1676
3168	1278
3169	3982
3170	1700
3171	2736
3172	2149
3173	1670
3174	2871
3175	1896
3176	4451
3177	1333
3178	4228
3179	4917
3180	1993
3181	3479
3182	685
3183	4631
3184	2328
3185	928
3186	1473
3187	3344
3188	1711
3189	2005
3190	871
3191	2554
3192	1971
3193	463
3194	4074
3195	2555
3196	1434
3197	21
3198	4889
3199	3568
3200	3990
3201	1812
3202	936
3203	281
3204	1648
3205	721
3206	4462
3207	4745
3208	3642
3209	3582
3210	1008
3211	1639
3212	1961
3213	4342
3214	3573
3215	2454
3216	1642
3217	1274
3218	4758
3219	2405
3220	1344
3221	1536
3222	3657
3223	2148
3224	174
3225	2192
3226	1900
3227	1575
3228	222
3229	4050
3230	3409
3231	4882
3232	2888
3233	914
3234	723
3235	245
3236	1330
3237	3411
3238	1712
3239	2339
3240	507
3241	757
3242	1736
3243	3131
3244	730
3245	4900
3246	2923
3247	1381
3248	646
3249	2604
3250	1618
3251	350
3252	2720
3253	3782
3254	2877
3255	2448
3256	999
3257	1142
3258	4977
3259	1162
3260	2399
3261	3303
3262	663
3263	2989
3264	426
3265	2295
3266	151
3267	4121
3268	790
3269	4533
3270	2760
3271	4499
3272	4174
3273	4893
3274	3986
3275	4558
3276	1898
3277	2793
3278	2608
3279	4009
3280	3380
3281	648
3282	3222
3283	354
3284	1127
3285	416
3286	3096
3287	4272
3288	1718
3289	209
3290	1708
3291	126
3292	3394
3293	1214
3294	4782
3295	1804
3296	738
3297	2823
3298	348
3299	4393
3300	1182
3301	4677
3302	2349
3303	2722
3304	1423
3305	4438
3306	2997
3307	3958
3308	134
3309	400
3310	4948
3311	3817
3312	2205
3313	3663
3314	4769
3315	3157
3316	539
3317	718
3318	2195
3319	2304
3320	2146
3321	997
3322	3889
3323	4518
3324	137
3325	1471
3326	881
3327	1957
3328	2706
3329	2570
3330	286
3331	1363
3332	845
3333	1029
3334	1460
3335	4770
3336	4011
3337	1317
3338	4
3339	846
3340	274
3341	2559
3342	1470
3343	3091
3344	3760
3345	811
3346	243
3347	2358
3348	875
3349	3385
3350	2178
3351	986
3352	252
3353	2007
3354	1354
3355	804
3356	4572
3357	3765
3358	3003
3359	4490
3360	4286
3361	1727
3362	2162
3363	4952
3364	29
3365	1823
3366	56
3367	1619
3368	2717
3369	3849
3370	3891
3371	1974
3372	4051
3373	4242
3374	2816
3375	4026
3376	406
3377	3876
3378	4018
3379	918
3380	3410
3381	1168
3382	138
3383	4278
3384	3213
3385	2003
3386	1488
3387	1007
3388	438
3389	652
3390	1462
3391	3401
3392	668
3393	2633
3394	288
3395	3224
3396	4485
3397	1627
3398	1177
3399	1768
3400	1437
3401	1376
3402	2147
3403	630
3404	1169
3405	598
3406	695
3407	1304
3408	4656
3409	4145
3410	1075
3411	434
3412	3171
3413	1208
3414	378
3415	733
3416	1990
3417	3747
3418	3448
3419	782
3420	877
3421	98
3422	3742
3423	4123
3424	1215
3425	3763
3426	163
3427	1946
3428	4611
3429	2113
3430	4105
3431	4805
3432	60
3433	4047
3434	145
3435	251
3436	2159
3437	1103
3438	3490
3439	791
3440	4984
3441	280
3442	2854
3443	3426
3444	1285
3445	3248
3446	4191
3447	2611
3448	3189
3449	4610
3450	3269
3451	116
3452	2327
3453	613
3454	3126
3455	3063
3456	2856
3457	3586
3458	3927
3459	2154
3460	2972
3461	4299
3462	2425
3463	3232
3464	3378
3465	140
3466	678
3467	1552
3468	3299
3469	1479
3470	4045
3471	2587
3472	4296
3473	2422
3474	953
3475	3234
3476	1076
3477	408
3478	2789
3479	895
3480	3309
3481	4040
3482	255
3483	1080
3484	2153
3485	3048
3486	1273
3487	2849
3488	1524
3489	625
3490	2516
3491	50
3492	1198
3493	206
3494	4850
3495	3755
3496	4238
3497	1975
3498	3297
3499	124
3500	772
3501	3071
3502	3487
3503	3836
3504	3940
3505	1714
3506	2755
3507	149
3508	3169
3509	787
3510	1783
3511	4003
3512	1098
3513	4048
3514	2218
3515	919
3516	4701
3517	3076
3518	800
3519	4929
3520	4414
3521	4608
3522	735
3523	4759
3524	4767
3525	4576
3526	2710
3527	3631
3528	2390
3529	3808
3530	1958
3531	4374
3532	3951
3533	653
3534	1800
3535	303
3536	443
3537	2518
3538	3508
3539	3706
3540	1383
3541	2589
3542	2917
3543	3887
3544	2725
3545	4205
3546	4327
3547	2064
3548	2164
3549	4551
3550	2627
3551	4901
3552	1667
3553	3196
3554	1292
3555	3240
3556	32
3557	102
3558	4459
3559	213
3560	4406
3561	4765
3562	2303
3563	1220
3564	4981
3565	3929
3566	3523
3567	3239
3568	4283
3569	1901
3570	2785
3571	595
3572	3496
3573	4416
3574	382
3575	2434
3576	1361
3577	2140
3578	826
3579	477
3580	4488
3581	3267
3582	4144
3583	4575
3584	3611
3585	1079
3586	606
3587	567
3588	1222
3589	2139
3590	3358
3591	3498
3592	615
3593	4212
3594	4409
3595	756
3596	1243
3597	4118
3598	3805
3599	1293
3600	1980
3601	1272
3602	893
3603	84
3604	1296
3605	2581
3606	2874
3607	4864
3608	2030
3609	3773
3610	4041
3611	2377
3612	1178
3613	1097
3614	1456
3615	4399
3616	193
3617	2969
3618	2937
3619	945
3620	766
3621	834
3622	1715
3623	3608
3624	2828
3625	4733
3626	1004
3627	1068
3628	1692
3629	2286
3630	2385
3631	3022
3632	4226
3633	3597
3634	1150
3635	1226
3636	3289
3637	331
3638	4100
3639	2077
3640	4761
3641	4275
3642	3495
3643	2420
3644	2298
3645	2288
3646	476
3647	687
3648	1885
3649	3652
3650	1604
3651	3956
3652	4196
3653	4553
3654	1963
3655	3660
3656	380
3657	2408
3658	4618
3659	1590
3660	3346
3661	4448
3662	4094
3663	4256
3664	1308
3665	2796
3666	3030
3667	4692
3668	1390
3669	3885
3670	1058
3671	3761
3672	667
3673	4336
3674	4179
3675	2509
3676	4015
3677	3145
3678	2198
3679	4322
3680	4683
3681	3058
3682	4375
3683	499
3684	1137
3685	3971
3686	2607
3687	4423
3688	4314
3689	703
3690	3107
3691	4992
3692	461
3693	3931
3694	2939
3695	2242
3696	3029
3697	3034
3698	4988
3699	1060
3700	1102
3701	1766
3702	3565
3703	765
3704	2731
3705	4463
3706	4466
3707	835
3708	4351
3709	4461
3710	3049
3711	3012
3712	364
3713	1263
3714	4229
3715	441
3716	1952
3717	3820
3718	9
3719	4783
3720	3793
3721	4189
3722	2801
3723	1628
3724	1839
3725	3431
3726	2851
3727	202
3728	4350
3729	3792
3730	1089
3731	4208
3732	2428
3733	4747
3734	896
3735	3018
3736	1716
3737	1843
3738	175
3739	4143
3740	4065
3741	3980
3742	2095
3743	1100
3744	1794
3745	2825
3746	2582
3747	1037
3748	2423
3749	1623
3750	4934
3751	1785
3752	2494
3753	2491
3754	4735
3755	4592
3756	1629
3757	3260
3758	1609
3759	4281
3760	3135
3761	1603
3762	1891
3763	788
3764	4999
3765	1114
3766	2557
3767	4244
3768	3500
3769	4083
3770	3305
3771	4897
3772	4232
3773	3707
3774	3832
3775	1400
3776	1809
3777	3745
3778	1922
3779	1259
3780	4789
3781	2024
3782	4925
3783	2495
3784	3892
3785	4853
3786	2471
3787	373
3788	3510
3789	637
3790	518
3791	2380
3792	3694
3793	3172
3794	212
3795	4751
3796	3084
3797	2644
3798	967
3799	669
3800	779
3801	4633
3802	3540
3803	323
3804	3320
3805	4294
3806	1867
3807	2403
3808	3680
3809	2325
3810	2251
3811	647
3812	4955
3813	4964
3814	2841
3815	1353
3816	1621
3817	2675
3818	4705
3819	3090
3820	2513
3821	3408
3822	675
3823	3968
3824	1305
3825	2132
3826	2143
3827	4166
3828	4178
3829	2945
3830	2906
3831	4460
3832	3757
3833	2679
3834	3263
3835	2438
3836	4429
3837	1251
3838	1237
3839	3993
3840	1557
3841	4784
3842	1929
3843	2041
3844	1773
3845	4203
3846	2503
3847	4854
3848	125
3849	1722
3850	3898
3851	3752
3852	4289
3853	1334
3854	2089
3855	4159
3856	2839
3857	2805
3858	4106
3859	5001
3860	2797
3861	3095
3862	605
3863	4829
3864	1570
3865	4001
3866	1277
3867	3474
3868	62
3869	3416
3870	1043
3871	4571
3872	1180
3873	3524
3874	3181
3875	2167
3876	4579
3877	3331
3878	361
3879	2209
3880	955
3881	81
3882	4285
3883	4927
3884	1934
3885	4449
3886	4663
3887	2200
3888	2029
3889	958
3890	4497
3891	191
3892	203
3893	998
3894	4489
3895	1664
3896	260
3897	2716
3898	2348
3899	4704
3900	1705
3901	3559
3902	4325
3903	4888
3904	2102
3905	4902
3906	3054
3907	2270
3908	1223
3909	866
3910	731
3911	837
3912	3537
3913	4102
3914	1531
3915	1151
3916	1379
3917	4313
3918	2073
3919	4437
3920	3643
3921	3994
3922	2724
3923	3486
3924	673
3925	4023
3926	1049
3927	3974
3928	3801
3929	3557
3930	4878
3931	3208
3932	4120
3933	829
3934	1824
3935	10
3936	2550
3937	2699
3938	20
3939	454
3940	2732
3941	1747
3942	2893
3943	4312
3944	3113
3945	1873
3946	4103
3947	4695
3948	2119
3949	4793
3950	1668
3951	4583
3952	1463
3953	1851
3954	53
3955	315
3956	4749
3957	2668
3958	445
3959	789
3960	3536
3961	3446
3962	1840
3963	4107
3964	1106
3965	3354
3966	3198
3967	1431
3968	3640
3969	1612
3970	4885
3971	971
3972	3624
3973	2407
3974	4832
3975	3919
3976	1912
3977	563
3978	3888
3979	2451
3980	3026
3981	112
3982	1913
3983	479
3984	3939
3985	544
3986	1417
3987	1476
3988	1439
3989	4937
3990	2583
3991	2017
3992	4838
3993	3625
3994	818
3995	597
3996	3917
3997	813
3998	498
3999	208
4000	3981
4001	2832
4002	3037
4003	1446
4004	742
4005	1495
4006	383
4007	3308
4008	459
4009	2334
4010	2345
4011	4840
4012	4940
4013	4674
4014	4140
4015	3848
4016	2435
4017	553
4018	4688
4019	3591
4020	1450
4021	4628
4022	773
4023	3422
4024	4250
4025	859
4026	2250
4027	4306
4028	2211
4029	628
4030	4918
4031	1175
4032	777
4033	3728
4034	3841
4035	3073
4036	2640
4037	385
4038	3743
4039	4400
4040	204
4041	2026
4042	4870
4043	3153
4044	4867
4045	2932
4046	3818
4047	1532
4048	3143
4049	2775
4050	2100
4051	389
4052	4597
4053	2751
4054	2811
4055	2887
4056	1464
4057	4398
4058	3304
4059	3933
4060	4348
4061	820
4062	4744
4063	4002
4064	2578
4065	3120
4066	3400
4067	1012
4068	822
4069	3633
4070	3199
4071	1615
4072	3062
4073	4323
4074	947
4075	2107
4076	2346
4077	4307
4078	142
4079	227
4080	4993
4081	3619
4082	4404
4083	1815
4084	2
4085	1592
4086	4039
4087	1510
4088	3276
4089	1577
4090	1448
4091	4596
4092	1758
4093	3928
4094	2746
4095	2392
4096	912
4097	2497
4098	709
4099	1792
4100	4280
4101	4944
4102	1311
4103	1135
4104	2965
4105	199
4106	1481
4107	4755
4108	4989
4109	2571
4110	69
4111	3612
4112	1607
4113	2281
4114	4696
4115	1110
4116	391
4117	3434
4118	188
4119	2889
4120	2389
4121	2284
4122	2579
4123	2685
4124	2872
4125	4602
4126	1229
4127	3733
4128	394
4129	1401
4130	3174
4131	2819
4132	3578
4133	964
4134	3456
4135	754
4136	2515
4137	906
4138	4132
4139	3216
4140	4149
4141	3621
4142	1657
4143	447
4144	510
4145	3960
4146	4891
4147	2928
4148	594
4149	894
4150	4513
4151	1596
4152	2770
4153	4016
4154	3912
4155	2090
4156	1003
4157	575
4158	3413
4159	4031
4160	3285
4161	3921
4162	4394
4163	1966
4164	4151
4165	3678
4166	3067
4167	2126
4168	4636
4169	4172
4170	1602
4171	861
4172	1740
4173	4373
4174	165
4175	2366
4176	3868
4177	4054
4178	2014
4179	3823
4180	2566
4181	2536
4182	3016
4183	2953
4184	2112
4185	1373
4186	474
4187	4537
4188	1857
4189	4091
4190	4913
4191	2450
4192	1775
4193	3846
4194	4006
4195	338
4196	1295
4197	4246
4198	3365
4199	1846
4200	503
4201	2020
4202	4971
4203	4119
4204	3562
4205	1112
4206	3715
4207	3538
4208	1054
4209	3613
4210	1031
4211	1689
4212	467
4213	3638
4214	3748
4215	4958
4216	2421
4217	4778
4218	2766
4219	8
4220	1909
4221	4894
4222	982
4223	1149
4224	4601
4225	1709
4226	2105
4227	1674
4228	4907
4229	4130
4230	4412
4231	3890
4232	2773
4233	3599
4234	1826
4235	4727
4236	1480
4237	796
4238	4176
4239	4687
4240	2763
4241	879
4242	2621
4243	4969
4244	3052
4245	3894
4246	1877
4247	3419
4248	1544
4249	2375
4250	3082
4251	3552
4252	2049
4253	962
4254	3916
4255	4777
4256	2057
4257	1318
4258	4477
4259	220
4260	1907
4261	4339
4262	1739
4263	3835
4264	2800
4265	1690
4266	3661
4267	2963
4268	139
4269	1144
4270	3626
4271	1926
4272	3610
4273	3735
4274	2646
4275	210
4276	4262
4277	2082
4278	4470
4279	4385
4280	1247
4281	969
4282	2487
4283	2477
4284	2223
4285	2562
4286	2252
4287	3903
4288	4516
4289	1933
4290	3861
4291	3325
4292	4236
4293	2916
4294	2908
4295	3564
4296	2037
4297	1805
4298	4432
4299	3103
4300	1201
4301	2474
4302	3100
4303	3127
4304	3771
4305	3516
4306	821
4307	4647
4308	961
4309	1780
4310	1467
4311	1133
4312	1976
4313	3581
4314	4235
4315	3453
4316	2520
4317	1810
4318	2376
4319	3505
4320	793
4321	1665
4322	4403
4323	1410
4324	3074
4325	64
4326	3349
4327	1663
4328	586
4329	4245
4330	862
4331	670
4332	4067
4333	3277
4334	3502
4335	968
4336	566
4337	4215
4338	607
4339	904
4340	247
4341	3881
4342	1378
4343	4331
4344	1419
4345	4135
4346	1504
4347	1412
4348	3595
4349	2466
4350	1764
4351	4224
4352	4036
4353	2723
4354	4658
4355	4528
4356	3102
4357	4218
4358	2340
4359	2279
4360	2926
4361	1654
4362	3160
4363	3329
4364	1624
4365	3673
4366	196
4367	2199
4368	253
4369	2271
4370	4963
4371	4960
4372	355
4373	641
4374	1782
4375	4310
4376	1329
4377	2232
4378	1125
4379	2603
4380	1968
4381	2134
4382	1863
4383	1321
4384	4340
4385	2208
4386	4301
4387	3934
4388	1209
4389	2416
4390	1469
4391	1533
4392	4500
4393	4450
4394	2370
4395	624
4396	398
4397	3948
4398	4529
4399	4268
4400	308
4401	3811
4402	2011
4403	3494
4404	1260
4405	2307
4406	3286
4407	2359
4408	4361
4409	1625
4410	3220
4411	529
4412	838
4413	1645
4414	4731
4415	1398
4416	2196
4417	1459
4418	3387
4419	3555
4420	4369
4421	2227
4422	4962
4423	1108
4424	4825
4425	2610
4426	1362
4427	3781
4428	4431
4429	988
4430	1160
4431	3750
4432	1070
4433	4270
4434	2411
4435	1919
4436	4482
4437	2418
4438	3503
4439	1422
4440	4405
4441	3549
4442	4200
4443	2441
4444	1219
4445	2291
4446	3779
4447	2312
4448	495
4449	1807
4450	4317
4451	2051
4452	1389
4453	3398
4454	4615
4455	3241
4456	4627
4457	2996
4458	2393
4459	3668
4460	1947
4461	4333
4462	4914
4463	1650
4464	4938
4465	4848
4466	2210
4467	1759
4468	297
4469	3115
4470	1967
4471	3548
4472	585
4473	3123
4474	2363
4475	33
4476	1706
4477	3383
4478	3509
4479	2507
4480	1996
4481	442
4482	4443
4483	4044
4484	3607
4485	4939
4486	3038
4487	2911
4488	1864
4489	3617
4490	2782
4491	4157
4492	576
4493	4678
4494	3904
4495	697
4496	3616
4497	2761
4498	1234
4499	3255
4500	1572
4501	2672
4502	2719
4503	1561
4504	1441
4505	1122
4506	1095
4507	719
4508	808
4509	2563
4510	3511
4511	3870
4512	2181
4513	4649
4514	283
4515	4712
4516	2919
4517	2052
4518	2267
4519	887
4520	890
4521	4807
4522	1697
4523	3080
4524	4684
4525	4646
4526	48
4527	1573
4528	4329
4529	1424
4530	2264
4531	399
4532	809
4533	347
4534	4961
4535	271
4536	2521
4537	1498
4538	3079
4539	4388
4540	4979
4541	3088
4542	4670
4543	4748
4544	296
4545	4025
4546	3590
4547	3815
4548	989
4549	2219
4550	640
4551	2176
4552	1386
4553	1265
4554	4353
4555	3023
4556	2141
4557	1166
4558	2813
4559	3020
4560	3915
4561	4098
4562	3165
4563	1703
4564	2949
4565	901
4566	2934
4567	3245
4568	4365
4569	4818
4570	4452
4571	2999
4572	2293
4573	2605
4574	1581
4575	4859
4576	3696
4577	3477
4578	3258
4579	2842
4580	2943
4581	4921
4582	1284
4583	2108
4584	4562
4585	4343
4586	1078
4587	817
4588	1525
4589	3195
4590	815
4591	1749
4592	1020
4593	2792
4594	2379
4595	105
4596	481
4597	189
4598	2320
4599	2033
4600	1671
4601	1139
4602	3553
4603	1109
4604	2488
4605	1699
4606	3786
4607	1042
4608	46
4609	3211
4610	3709
4611	4260
4612	1542
4613	4430
4614	574
4615	954
4616	3180
4617	1733
4618	792
4619	44
4620	2984
4621	3295
4622	2693
4623	3995
4624	63
4625	3594
4626	1941
4627	1698
4628	3228
4629	4994
4630	363
4631	419
4632	2142
4633	4315
4634	115
4635	1211
4636	1451
4637	3164
4638	4624
4639	3945
4640	1595
4641	3056
4642	1774
4643	2341
4644	3465
4645	4434
4646	3215
4647	1551
4648	2690
4649	3178
4650	3205
4651	2905
4652	187
4653	2623
4654	2859
4655	587
4656	3374
4657	3296
4658	3975
4659	370
4660	3966
4661	146
4662	1527
4663	3902
4664	694
4665	248
4666	1345
4667	4570
4668	24
4669	4933
4670	3452
4671	2012
4672	848
4673	2614
4674	1835
4675	2067
4676	2068
4677	1445
4678	148
4679	1351
4680	3985
4681	159
4682	374
4683	2769
4684	5
4685	2784
4686	3098
4687	4117
4688	4005
4689	1427
4690	2266
4691	3459
4692	3930
4693	2381
4694	2791
4695	1255
4696	1297
4697	1950
4698	3124
4699	4652
4700	311
4701	3307
4702	2743
4703	1869
4704	2244
4705	160
4706	4515
4707	1415
4708	4445
4709	3186
4710	1231
4711	2480
4712	1598
4713	747
4714	376
4715	4714
4716	365
4717	2678
4718	3373
4719	3658
4720	3785
4721	508
4722	2962
4723	665
4724	1213
4725	609
4726	502
4727	1679
4728	1468
4729	1465
4730	3804
4731	4542
4732	3471
4733	483
4734	908
4735	810
4736	300
4737	4545
4738	107
4739	2537
4740	4188
4741	2069
4742	4397
4743	437
4744	2368
4745	2707
4746	1978
4747	3877
4748	3679
4749	2777
4750	4523
4751	1616
4752	601
4753	1696
4754	4689
4755	4559
4756	4739
4757	2740
4758	1403
4759	2545
4760	2654
4761	2981
4762	3855
4763	54
4764	3069
4765	3964
4766	3828
4767	1153
4768	3501
4769	2759
4770	3148
4771	4514
4772	1562
4773	1547
4774	1555
4775	3704
4776	3506
4777	525
4778	2837
4779	1599
4780	3972
4781	2810
4782	4801
4783	2925
4784	1571
4785	4164
4786	4362
4787	1091
4788	1875
4789	2201
4790	3265
4791	517
4792	1485
4793	2858
4794	767
4795	3141
4796	4426
4797	4519
4798	577
4799	3250
4800	1348
4801	3701
4802	3796
4803	1796
4804	2084
4805	3064
4806	885
4807	1314
4808	870
4809	4471
4810	332
4811	468
4812	1497
4813	215
4814	3869
4815	120
4816	2831
4817	1257
4818	565
4819	2613
4820	4013
4821	816
4822	603
4823	794
4824	1600
4825	3368
4826	844
4827	2235
4828	3967
4829	2876
4830	1187
4831	1546
4832	436
4833	1568
4834	4746
4835	2836
4836	2840
4837	2523
4838	514
4839	4664
4840	4472
4841	3675
4842	2951
4843	2075
4844	2361
4845	1559
4846	1291
4847	4943
4848	4660
4849	737
4850	4304
4851	980
4852	2968
4853	3271
4854	711
4855	4728
4856	290
4857	83
4858	604
4859	4046
4860	849
4861	3692
4862	3827
4863	1754
4864	2922
4865	3085
4866	3031
4867	3519
4868	182
4869	2001
4870	841
4871	3697
4872	2807
4873	3959
4874	4070
4875	4137
4876	717
4877	3499
4878	3300
4879	1179
4880	2088
4881	2486
4882	4111
4883	707
4884	39
4885	3665
4886	1147
4887	410
4888	3151
4889	4869
4890	129
4891	4060
4892	2878
4893	2170
4894	636
4895	1391
4896	4153
4897	4131
4898	3650
4899	3319
4900	2684
4901	1071
4902	2246
4903	994
4904	3306
4905	528
4906	4548
4907	3339
4908	561
4909	4076
4910	1795
4911	1704
4912	1884
4913	1748
4914	1010
4915	3797
4916	3699
4917	458
4918	3954
4919	658
4920	3943
4921	201
4922	3481
4923	2936
4924	486
4925	1458
4926	2992
4927	325
4928	4085
4929	3042
4930	4564
4931	2986
4932	858
4933	2601
4934	1732
4935	417
4936	1014
4937	91
4938	1342
4939	3988
4940	392
4941	1152
4942	588
4943	3316
4944	3272
4945	1576
4946	3937
4947	3566
4948	3406
4949	3691
4950	973
4951	3209
4952	2240
4953	2954
4954	915
4955	2977
4956	4817
4957	2979
4958	3788
4959	4654
4960	4077
4961	2138
4962	657
4963	676
4964	1617
4965	3348
4966	2814
4967	1359
4968	3334
4969	3235
4970	1569
4971	4271
4972	4227
4973	4261
4974	2490
4975	2432
4976	403
4977	1310
4978	1977
4979	1778
4980	3021
4981	1409
4982	1680
4983	2062
4984	4442
4985	4418
4986	4673
4987	3340
4988	990
4989	1784
4990	1707
4991	692
4992	1475
4993	1818
4994	1893
4995	3546
4996	1935
4997	3922
4998	1685
4999	3965
5000	659
5001	4691