1000
1	541
2	538
3	98
4	67
5	444
6	289
7	68
8	225
9	971
10	58
11	432
12	354
13	155
14	699
15	578
16	46
17	134
18	227
19	375
20	389
21	472
22	69
23	215
24	111
25	819
26	447
27	566
28	506
29	823
30	923
31	424
32	2
33	39
34	677
35	796
36	376
37	928
38	456
39	243
40	187
41	452
42	106
43	991
44	60
45	660
46	958
47	383
48	469
49	404
50	410
51	190
52	527
53	135
54	307
55	929
56	865
57	457
58	271
59	340
60	76
61	644
62	18
63	203
64	403
65	313
66	741
67	286
68	945
69	763
70	94
71	814
72	582
73	556
74	478
75	296
76	475
77	883
78	992
79	38
80	384
81	610
82	953
83	652
84	236
85	869
86	3
87	479
88	40
89	327
90	612
91	401
92	82
93	767
94	200
95	159
96	263
97	402
98	749
99	398
100	864
101	325
102	827
103	374
104	85
105	681
106	937
107	674
108	656
109	412
110	173
111	177
112	29
113	49
114	141
115	423
116	367
117	738
118	204
119	269
120	518
121	985
122	492
123	333
124	113
125	503
126	345
127	105
128	466
129	347
130	987
131	759
132	995
133	688
134	481
135	544
136	124
137	669
138	27
139	904
140	420
141	181
142	356
143	425
144	726
145	828
146	712
147	849
148	515
149	973
150	4
151	136
152	119
153	825
154	977
155	104
156	83
157	357
158	226
159	47
160	577
161	678
162	99
163	53
164	57
165	210
166	217
167	969
168	716
169	760
170	591
171	700
172	147
173	92
174	142
175	248
176	830
177	877
178	482
179	892
180	921
181	453
182	278
183	405
184	274
185	523
186	665
187	508
188	743
189	549
190	169
191	290
192	690
193	149
194	463
195	117
196	168
197	71
198	178
199	564
200	609
201	353
202	32
203	959
204	907
205	191
206	966
207	691
208	683
209	312
210	680
211	533
212	851
213	630
214	720
215	952
216	435
217	371
218	61
219	722
220	645
221	107
222	565
223	982
224	780
225	491
226	771
227	56
228	319
229	462
230	431
231	112
232	90
233	695
234	42
235	654
236	223
237	63
238	489
239	525
240	199
241	605
242	125
243	606
244	710
245	326
246	914
247	794
248	799
249	148
250	826
251	79
252	754
253	666
254	616
255	788
256	488
257	158
258	968
259	727
260	314
261	224
262	778
263	300
264	209
265	863
266	834
267	372
268	590
269	480
270	917
271	164
272	624
273	419
274	382
275	626
276	746
277	344
278	55
279	974
280	910
281	240
282	131
283	476
284	913
285	474
286	73
287	723
288	955
289	592
290	551
291	380
292	552
293	342
294	7
295	132
296	848
297	175
298	866
299	295
300	285
301	30
302	537
303	751
304	323
305	450
306	160
307	696
308	908
309	628
310	366
311	755
312	548
313	31
314	467
315	407
316	189
317	643
318	845
319	894
320	512
321	809
322	598
323	648
324	842
325	15
326	664
327	80
328	170
329	535
330	109
331	108
332	259
333	222
334	531
335	936
336	468
337	50
338	668
339	646
340	988
341	600
342	540
343	815
344	601
345	581
346	483
347	302
348	781
349	963
350	899
351	193
352	895
353	811
354	735
355	500
356	641
357	322
358	836
359	611
360	310
361	801
362	694
363	22
364	613
365	946
366	967
367	84
368	756
369	942
370	676
371	52
372	777
373	465
374	918
375	216
376	934
377	774
378	800
379	797
380	150
381	287
382	95
383	316
384	993
385	321
386	33
387	395
388	171
389	898
390	939
391	501
392	838
393	397
394	789
395	10
396	675
397	569
398	311
399	950
400	682
401	586
402	701
403	365
404	920
405	339
406	355
407	803
408	230
409	925
410	978
411	253
412	197
413	409
414	379
415	543
416	394
417	360
418	719
419	44
420	742
421	504
422	733
423	876
424	138
425	172
426	6
427	167
428	912
429	911
430	775
431	74
432	144
433	352
434	595
435	614
436	886
437	545
438	260
439	658
440	841
441	65
442	530
443	820
444	256
445	772
446	593
447	338
448	998
449	906
450	517
451	218
452	250
453	161
454	451
455	370
456	116
457	336
458	653
459	844
460	364
461	413
462	768
463	941
464	97
465	219
466	261
467	670
468	471
469	377
470	858
471	547
472	944
473	180
474	24
475	745
476	640
477	17
478	145
479	583
480	436
481	625
482	143
483	1001
484	542
485	891
486	257
487	484
488	434
489	853
490	137
491	875
492	635
493	707
494	516
495	596
496	162
497	378
498	498
499	831
500	673
501	562
502	708
503	118
504	195
505	855
506	984
507	487
508	762
509	220
510	567
511	213
512	317
513	890
514	455
515	186
516	526
517	837
518	418
519	301
520	880
521	123
522	1
523	176
524	856
525	651
526	546
527	89
528	8
529	396
530	221
531	776
532	25
533	786
534	721
535	284
536	349
537	64
538	28
539	568
540	458
541	854
542	183
543	951
544	496
545	306
546	588
547	753
548	576
549	272
550	247
551	198
552	709
553	242
554	599
555	196
556	244
557	618
558	560
559	861
560	737
561	406
562	497
563	887
564	821
565	351
566	521
567	868
568	948
569	192
570	331
571	139
572	184
573	100
574	639
575	949
576	650
577	736
578	807
579	594
580	201
581	297
582	205
583	872
584	381
585	702
586	524
587	615
588	924
589	980
590	308
591	667
592	1000
593	685
594	902
595	77
596	493
597	509
598	922
599	279
600	636
601	766
602	607
603	621
604	490
605	770
606	514
607	21
608	299
609	428
610	324
611	14
612	318
613	443
614	793
615	960
616	881
617	206
618	459
619	115
620	649
621	804
622	729
623	905
624	234
625	882
626	362
627	415
628	686
629	659
630	309
631	151
632	835
633	812
634	896
635	35
636	554
637	637
638	879
639	833
640	128
641	559
642	417
643	571
644	900
645	446
646	439
647	93
648	806
649	156
650	335
651	714
652	280
653	251
654	757
655	26
656	739
657	779
658	486
659	870
660	748
661	633
662	245
663	901
664	608
665	273
666	86
667	693
668	127
669	126
670	852
671	888
672	981
673	255
674	11
675	48
676	373
677	933
678	464
679	927
680	862
681	999
682	442
683	647
684	43
685	174
686	348
687	585
688	935
689	715
690	461
691	839
692	557
693	994
694	744
695	277
696	430
697	846
698	563
699	997
700	270
701	954
702	438
703	19
704	293
705	72
706	440
707	528
708	897
709	627
710	818
711	519
712	634
713	731
714	584
715	940
716	632
717	885
718	989
719	238
720	276
721	179
722	281
723	233
724	473
725	773
726	315
727	212
728	970
729	873
730	587
731	555
732	81
733	579
734	704
735	258
736	87
737	657
738	130
739	717
740	889
741	454
742	684
743	536
744	550
745	320
746	930
747	5
748	232
749	114
750	237
751	421
752	346
753	623
754	386
755	429
756	661
757	878
758	23
759	513
760	962
761	445
762	330
763	597
764	146
765	298
766	229
767	663
768	228
769	194
770	102
771	784
772	101
773	620
774	460
775	129
776	510
777	539
778	75
779	730
780	732
781	602
782	254
783	51
784	358
785	369
786	337
787	965
788	990
789	264
790	790
791	120
792	847
793	829
794	617
795	916
796	572
797	283
798	840
799	214
800	505
801	575
802	121
803	860
804	416
805	961
806	408
807	12
808	867
809	502
810	34
811	182
812	211
813	202
814	553
815	511
816	153
817	267
818	884
819	570
820	792
821	91
822	857
823	642
824	672
825	427
826	662
827	956
828	16
829	750
830	265
831	495
832	698
833	154
834	805
835	824
836	441
837	282
838	359
839	534
840	725
841	915
842	157
843	931
844	485
845	724
846	66
847	795
848	392
849	604
850	341
851	305
852	350
853	448
854	734
855	983
856	110
857	816
858	292
859	507
860	561
861	687
862	288
863	802
864	363
865	629
866	558
867	765
868	411
869	103
870	782
871	580
872	368
873	20
874	54
875	414
876	163
877	391
878	893
879	752
880	996
881	275
882	808
883	697
884	426
885	399
886	529
887	393
888	343
889	832
890	986
891	932
892	249
893	979
894	328
895	747
896	291
897	787
898	522
899	334
900	477
901	638
902	972
903	761
904	532
905	235
906	188
907	208
908	122
909	718
910	96
911	231
912	813
913	41
914	671
915	294
916	798
917	303
918	400
919	268
920	246
921	783
922	390
923	589
924	622
925	810
926	619
927	706
928	470
929	574
930	943
931	817
932	926
933	764
934	70
935	207
936	728
937	520
938	976
939	88
940	332
941	252
942	241
943	165
944	166
945	78
946	13
947	903
948	266
949	329
950	37
951	140
952	631
953	692
954	975
955	449
956	713
957	843
958	262
959	185
960	947
961	740
962	59
963	499
964	919
965	36
966	422
967	133
968	361
969	437
970	758
971	385
972	850
973	388
974	703
975	769
976	433
977	9
978	938
979	859
980	964
981	909
982	785
983	957
984	239
985	152
986	822
987	871
988	45
989	689
990	573
991	655
992	791
993	304
994	62
995	874
996	705
997	711
998	387
999	603
1000	679
1001	494
