2000
1	35
2	1005
3	503
4	126
5	1120
6	306
7	979
8	1398
9	175
10	1269
11	82
12	974
13	1603
14	1661
15	1879
16	1188
17	1441
18	1817
19	1663
20	1774
21	806
22	384
23	1506
24	1455
25	1586
26	279
27	1419
28	1952
29	1837
30	595
31	1184
32	1115
33	858
34	1984
35	235
36	997
37	397
38	1055
39	1209
40	1488
41	587
42	1701
43	284
44	1796
45	829
46	18
47	260
48	1367
49	994
50	1499
51	1932
52	1611
53	1328
54	1577
55	840
56	1258
57	1304
58	666
59	1187
60	996
61	326
62	1514
63	1915
64	781
65	1248
66	936
67	594
68	1926
69	1266
70	6
71	44
72	1297
73	746
74	964
75	336
76	1164
77	37
78	845
79	1422
80	1101
81	1225
82	43
83	1828
84	1167
85	1279
86	499
87	1684
88	735
89	1881
90	635
91	584
92	1191
93	1001
94	1415
95	1897
96	1764
97	1592
98	382
99	1392
100	1357
101	1539
102	752
103	1335
104	659
105	743
106	608
107	1064
108	770
109	1278
110	1268
111	1669
112	1489
113	497
114	1950
115	1406
116	1550
117	1535
118	128
119	566
120	606
121	630
122	1292
123	446
124	1924
125	1087
126	731
127	1436
128	966
129	639
130	145
131	1132
132	1077
133	621
134	299
135	583
136	550
137	1853
138	163
139	1710
140	1138
141	1277
142	187
143	742
144	365
145	738
146	303
147	353
148	1151
149	369
150	1461
151	1327
152	1674
153	821
154	1587
155	1185
156	591
157	775
158	1929
159	1556
160	814
161	244
162	485
163	248
164	855
165	1414
166	1914
167	1675
168	987
169	305
170	1509
171	576
172	314
173	1868
174	882
175	1766
176	572
177	700
178	739
179	526
180	1647
181	680
182	1898
183	30
184	1831
185	1044
186	773
187	1508
188	755
189	247
190	42
191	356
192	1654
193	1428
194	677
195	1648
196	1983
197	1412
198	1599
199	1520
200	144
201	798
202	586
203	1718
204	342
205	1756
206	1492
207	1238
208	160
209	409
210	1901
211	1195
212	669
213	1200
214	1417
215	1544
216	825
217	916
218	148
219	1734
220	458
221	1555
222	810
223	1346
224	612
225	809
226	1226
227	1584
228	1469
229	1205
230	489
231	502
232	849
233	105
234	106
235	1056
236	961
237	269
238	184
239	868
240	1243
241	104
242	1023
243	1616
244	1382
245	190
246	1601
247	223
248	1991
249	1610
250	238
251	782
252	521
253	1210
254	547
255	270
256	268
257	970
258	1753
259	803
260	151
261	433
262	1887
263	1730
264	137
265	898
266	200
267	198
268	1993
269	676
270	1093
271	1027
272	1895
273	141
274	1667
275	1848
276	159
277	564
278	398
279	1697
280	914
281	730
282	457
283	990
284	181
285	952
286	80
287	19
288	1570
289	1457
290	1471
291	439
292	482
293	542
294	99
295	1719
296	267
297	1235
298	1420
299	1122
300	121
301	1804
302	1604
303	756
304	1607
305	671
306	694
307	1633
308	1789
309	1552
310	219
311	1219
312	127
313	67
314	1399
315	668
316	390
317	610
318	1703
319	636
320	921
321	259
322	1769
323	1143
324	643
325	1501
326	902
327	976
328	286
329	938
330	1066
331	693
332	1829
333	1695
334	1440
335	418
336	1651
337	1105
338	1574
339	875
340	1361
341	1816
342	1252
343	1076
344	1630
345	740
346	480
347	800
348	1462
349	243
350	1467
351	1301
352	647
353	23
354	118
355	714
356	1632
357	54
358	135
359	1114
360	283
361	1707
362	66
363	79
364	1119
365	597
366	789
367	568
368	1247
369	631
370	293
371	10
372	1724
373	1479
374	199
375	142
376	832
377	1772
378	748
379	1518
380	51
381	1369
382	176
383	703
384	1838
385	1233
386	913
387	1193
388	212
389	1990
390	1533
391	1094
392	710
393	923
394	1197
395	1168
396	733
397	725
398	1156
399	706
400	251
401	1341
402	368
403	1121
404	1694
405	143
406	1084
407	415
408	684
409	896
410	2001
411	140
412	1860
413	1758
414	280
415	1022
416	906
417	425
418	257
419	1752
420	1144
421	490
422	484
423	1800
424	421
425	778
426	989
427	985
428	315
429	1899
430	1141
431	275
432	1263
433	1040
434	826
435	470
436	828
437	1019
438	1460
439	955
440	1159
441	943
442	1222
443	1362
444	890
445	1650
446	973
447	1020
448	538
449	900
450	1729
451	866
452	262
453	560
454	89
455	62
456	679
457	893
458	1836
459	136
460	33
461	785
462	1624
463	410
464	958
465	1935
466	1160
467	1354
468	1137
469	155
470	337
471	1985
472	758
473	1342
474	1401
475	1483
476	1916
477	579
478	13
479	1371
480	1928
481	466
482	1393
483	188
484	1033
485	1324
486	614
487	1284
488	1708
489	1053
490	1072
491	1157
492	1280
493	232
494	1051
495	1646
496	842
497	38
498	473
499	707
500	1538
501	708
502	1250
503	253
504	908
505	658
506	179
507	1123
508	1902
509	261
510	1783
511	266
512	1540
513	867
514	75
515	573
516	983
517	289
518	109
519	1154
520	185
521	1062
522	1819
523	1740
524	878
525	1921
526	1863
527	1530
528	691
529	629
530	61
531	1565
532	231
533	435
534	663
535	402
536	1325
537	1763
538	932
539	426
540	1125
541	1012
542	1146
543	1822
544	1198
545	1175
546	359
547	1803
548	1431
549	1309
550	1496
551	779
552	309
553	726
554	1757
555	1038
556	1429
557	1858
558	403
559	423
560	1922
561	1825
562	950
563	1969
564	505
565	1029
566	830
567	153
568	723
569	88
570	741
571	1065
572	927
573	48
574	799
575	195
576	20
577	1221
578	1466
579	1821
580	1631
581	960
582	1945
583	1696
584	1002
585	1688
586	992
587	1449
588	1416
589	529
590	620
591	1478
592	1588
593	1844
594	1980
595	1676
596	525
597	419
598	1318
599	361
600	1242
601	993
602	1626
603	1809
604	1079
605	1494
606	1944
607	1264
608	220
609	498
610	1402
611	1567
612	877
613	191
614	1470
615	853
616	1986
617	1698
618	1554
619	661
620	329
621	334
622	1788
623	1408
624	101
625	1989
626	1930
627	545
628	1275
629	1194
630	416
631	203
632	863
633	1217
634	1180
635	258
636	1725
637	1655
638	1045
639	531
640	1541
641	519
642	709
643	1331
644	1723
645	1364
646	1228
647	925
648	1903
649	1000
650	496
651	945
652	107
653	216
654	804
655	1456
656	1285
657	1820
658	892
659	1591
660	1581
661	288
662	1678
663	672
664	494
665	601
666	1231
667	624
668	1063
669	1042
670	491
671	899
672	721
673	1693
674	1583
675	65
676	206
677	1352
678	1220
679	110
680	1889
681	980
682	1034
683	2
684	1032
685	1008
686	1672
687	537
688	1254
689	1215
690	237
691	590
692	1407
693	1024
694	1706
695	348
696	1532
697	1660
698	1857
699	786
700	208
701	1911
702	391
703	1426
704	1524
705	581
706	1507
707	729
708	1227
709	119
710	1818
711	836
712	648
713	301
714	1085
715	1442
716	1746
717	1941
718	1454
719	1614
720	1545
721	1179
722	757
723	1116
724	870
725	835
726	811
727	71
728	1732
729	784
730	276
731	667
732	1644
733	1385
734	1721
735	642
736	1798
737	229
738	1372
739	385
740	1855
741	1018
742	1806
743	1204
744	1037
745	724
746	850
747	1561
748	292
749	429
750	1700
751	1738
752	1664
753	820
754	1009
755	346
756	1979
757	1527
758	544
759	732
760	386
761	1245
762	274
763	177
764	744
765	1893
766	968
767	1196
768	1450
769	688
770	1946
771	1118
772	1762
773	1656
774	1786
775	1865
776	901
777	302
778	1090
779	345
780	124
781	407
782	1446
783	854
784	1522
785	250
786	1351
787	662
788	1117
789	479
790	1566
791	495
792	1039
793	234
794	1652
795	1512
796	879
797	759
798	196
799	1943
800	605
801	1257
802	1888
803	1890
804	1814
805	1418
806	1869
807	1323
808	1802
809	1400
810	1
811	1617
812	941
813	593
814	339
815	388
816	518
817	1133
818	1987
819	40
820	1057
821	1381
822	1142
823	967
824	886
825	1083
826	1223
827	1982
828	1690
829	1259
830	319
831	1973
832	1598
833	1912
834	296
835	1964
836	49
837	1126
838	1389
839	1437
840	434
841	959
842	1465
843	1326
844	129
845	1082
846	957
847	696
848	1046
849	1495
850	644
851	736
852	582
853	524
854	488
855	1329
856	972
857	851
858	705
859	168
860	1892
861	975
862	603
863	201
864	318
865	1129
866	375
867	1475
868	1480
869	626
870	1976
871	1852
872	884
873	1998
874	313
875	98
876	848
877	888
878	1593
879	837
880	1551
881	26
882	857
883	640
884	53
885	1937
886	920
887	1778
888	592
889	1246
890	991
891	1720
892	178
893	226
894	378
895	350
896	638
897	712
898	1260
899	917
900	1054
901	97
902	307
903	1390
904	1619
905	540
906	813
907	225
908	1500
909	1870
910	801
911	627
912	4
913	1629
914	125
915	1236
916	1308
917	1954
918	795
919	1113
920	1751
921	940
922	230
923	1049
924	1562
925	149
926	189
927	1473
928	555
929	772
930	1726
931	1153
932	236
933	912
934	1785
935	963
936	1025
937	1894
938	475
939	1395
940	1744
941	1106
942	1884
943	21
944	443
945	1048
946	611
947	931
948	1526
949	561
950	911
951	1741
952	1910
953	1345
954	394
955	114
956	1972
957	413
958	946
959	670
960	685
961	962
962	565
963	111
964	1150
965	1704
966	1302
967	1886
968	376
969	1503
970	331
971	379
972	1350
973	764
974	1230
975	241
976	47
977	1548
978	769
979	745
980	1075
981	831
982	1421
983	1959
984	278
985	750
986	1923
987	715
988	1490
989	165
990	924
991	609
992	860
993	492
994	1427
995	1134
996	1493
997	1359
998	1846
999	1207
1000	471
1001	1781
1002	1840
1003	1202
1004	1375
1005	1767
1006	596
1007	481
1008	1343
1009	1110
1010	585
1011	1833
1012	57
1013	56
1014	1737
1015	1444
1016	1311
1017	794
1018	1511
1019	1759
1020	780
1021	1521
1022	324
1023	255
1024	327
1025	437
1026	618
1027	933
1028	304
1029	567
1030	1404
1031	1050
1032	546
1033	1373
1034	430
1035	791
1036	1463
1037	404
1038	1255
1039	942
1040	351
1041	1682
1042	623
1043	161
1044	321
1045	534
1046	1281
1047	1161
1048	1841
1049	1849
1050	1251
1051	1529
1052	1307
1053	1432
1054	859
1055	687
1056	1430
1057	1683
1058	1201
1059	1847
1060	1575
1061	1234
1062	1572
1063	400
1064	1875
1065	1968
1066	1634
1067	751
1068	1771
1069	447
1070	1673
1071	880
1072	527
1073	862
1074	1589
1075	1080
1076	483
1077	1878
1078	1745
1079	838
1080	25
1081	1639
1082	1839
1083	76
1084	77
1085	1716
1086	412
1087	1109
1088	589
1089	1283
1090	1851
1091	1232
1092	1755
1093	695
1094	27
1095	599
1096	1445
1097	393
1098	209
1099	753
1100	1321
1101	1391
1102	823
1103	1958
1104	981
1105	1835
1106	1605
1107	1340
1108	1750
1109	716
1110	1622
1111	1515
1112	227
1113	194
1114	1594
1115	554
1116	444
1117	1288
1118	574
1119	438
1120	1949
1121	294
1122	1790
1123	1637
1124	1743
1125	1166
1126	865
1127	1458
1128	1089
1129	1127
1130	869
1131	1861
1132	1933
1133	930
1134	1906
1135	1177
1136	1477
1137	1386
1138	1939
1139	1104
1140	822
1141	7
1142	1736
1143	808
1144	1938
1145	272
1146	1510
1147	876
1148	1627
1149	411
1150	956
1151	213
1152	371
1153	1874
1154	1560
1155	1208
1156	50
1157	552
1158	1078
1159	197
1160	116
1161	360
1162	1339
1163	396
1164	805
1165	183
1166	172
1167	689
1168	797
1169	1913
1170	1559
1171	1041
1172	1842
1173	768
1174	1244
1175	522
1176	1904
1177	1396
1178	287
1179	9
1180	1091
1181	615
1182	819
1183	1322
1184	1859
1185	787
1186	451
1187	210
1188	872
1189	722
1190	1464
1191	998
1192	508
1193	1537
1194	1241
1195	1068
1196	64
1197	445
1198	1711
1199	1169
1200	1896
1201	634
1202	1096
1203	657
1204	70
1205	774
1206	1047
1207	655
1208	622
1209	812
1210	39
1211	1564
1212	1424
1213	1388
1214	174
1215	516
1216	14
1217	1394
1218	834
1219	995
1220	1451
1221	934
1222	399
1223	1962
1224	788
1225	1994
1226	874
1227	633
1228	1971
1229	1498
1230	1355
1231	613
1232	1261
1233	1900
1234	120
1235	12
1236	297
1237	448
1238	273
1239	570
1240	523
1241	767
1242	1299
1243	1438
1244	1081
1245	1306
1246	1370
1247	215
1248	1314
1249	1434
1250	254
1251	186
1252	31
1253	588
1254	1811
1255	1845
1256	476
1257	1662
1258	1491
1259	221
1260	395
1261	1830
1262	320
1263	1237
1264	1425
1265	1919
1266	1098
1267	300
1268	1074
1269	652
1270	1397
1271	363
1272	1891
1273	193
1274	602
1275	134
1276	1597
1277	322
1278	1130
1279	656
1280	1262
1281	1862
1282	1787
1283	1092
1284	281
1285	46
1286	1474
1287	1476
1288	1877
1289	456
1290	897
1291	367
1292	381
1293	1435
1294	1832
1295	514
1296	431
1297	1212
1298	889
1299	1936
1300	1777
1301	103
1302	548
1303	310
1304	1516
1305	969
1306	1712
1307	1970
1308	1061
1309	944
1310	1628
1311	59
1312	1218
1313	1573
1314	92
1315	793
1316	578
1317	1447
1318	1596
1319	1173
1320	1827
1321	1013
1322	1722
1323	1403
1324	1176
1325	1955
1326	277
1327	1348
1328	465
1329	1103
1330	625
1331	607
1332	32
1333	1211
1334	1203
1335	562
1336	1918
1337	887
1338	455
1339	15
1340	843
1341	162
1342	949
1343	761
1344	486
1345	1569
1346	1240
1347	1582
1348	17
1349	1947
1350	113
1351	493
1352	1216
1353	1136
1354	817
1355	343
1356	1528
1357	1608
1358	600
1359	383
1360	1557
1361	392
1362	1638
1363	138
1364	1206
1365	1612
1366	312
1367	971
1368	517
1369	245
1370	654
1371	1613
1372	713
1373	512
1374	619
1375	699
1376	777
1377	515
1378	1931
1379	929
1380	3
1381	1014
1382	1635
1383	1253
1384	1794
1385	417
1386	1293
1387	1298
1388	852
1389	102
1390	1379
1391	664
1392	1961
1393	675
1394	1347
1395	1337
1396	1366
1397	1621
1398	1671
1399	1088
1400	228
1401	432
1402	856
1403	1147
1404	146
1405	1073
1406	557
1407	1670
1408	1043
1409	477
1410	1273
1411	1172
1412	335
1413	1007
1414	824
1415	1585
1416	1448
1417	224
1418	1145
1419	1443
1420	117
1421	1957
1422	1668
1423	1657
1424	1992
1425	1856
1426	910
1427	1940
1428	1602
1429	939
1430	408
1431	1773
1432	1174
1433	937
1434	1224
1435	1332
1436	1163
1437	951
1438	1702
1439	1171
1440	1578
1441	1189
1442	686
1443	749
1444	1795
1445	1472
1446	1579
1447	83
1448	333
1449	1731
1450	1999
1451	285
1452	311
1453	1549
1454	1333
1455	2000
1456	1843
1457	1360
1458	1102
1459	1715
1460	1679
1461	1349
1462	953
1463	1086
1464	1287
1465	202
1466	918
1467	509
1468	133
1469	1665
1470	180
1471	1625
1472	427
1473	681
1474	1615
1475	894
1476	1356
1477	406
1478	1011
1479	873
1480	152
1481	78
1482	1623
1483	1850
1484	651
1485	928
1486	646
1487	171
1488	536
1489	660
1490	1776
1491	1276
1492	85
1493	1178
1494	922
1495	1097
1496	617
1497	1760
1498	1486
1499	218
1500	1016
1501	122
1502	1905
1503	1149
1504	1453
1505	864
1506	316
1507	1813
1508	1513
1509	1791
1510	441
1511	95
1512	233
1513	704
1514	1485
1515	507
1516	1015
1517	905
1518	487
1519	1300
1520	1423
1521	717
1522	1595
1523	1666
1524	847
1525	678
1526	131
1527	1948
1528	1977
1529	909
1530	354
1531	553
1532	632
1533	1095
1534	1699
1535	682
1536	166
1537	1780
1538	1060
1539	242
1540	1505
1541	169
1542	1112
1543	1124
1544	1294
1545	1600
1546	1967
1547	1531
1548	344
1549	1659
1550	1805
1551	1336
1552	332
1553	1609
1554	1523
1555	8
1556	711
1557	1310
1558	833
1559	325
1560	763
1561	1030
1562	1383
1563	87
1564	1761
1565	1290
1566	340
1567	1004
1568	1365
1569	549
1570	1374
1571	665
1572	22
1573	377
1574	222
1575	468
1576	330
1577	63
1578	999
1579	1482
1580	1749
1581	1713
1582	650
1583	1606
1584	1213
1585	256
1586	1411
1587	1618
1588	323
1589	815
1590	807
1591	673
1592	16
1593	796
1594	580
1595	1481
1596	1312
1597	1344
1598	349
1599	771
1600	1006
1601	598
1602	123
1603	653
1604	1942
1605	1917
1606	1873
1607	520
1608	1035
1609	1282
1610	1519
1611	84
1612	1028
1613	1338
1614	442
1615	861
1616	1864
1617	1681
1618	720
1619	1826
1620	1709
1621	1867
1622	1003
1623	472
1624	1026
1625	827
1626	1571
1627	271
1628	74
1629	1100
1630	389
1631	207
1632	844
1633	1810
1634	1553
1635	1975
1636	1705
1637	214
1638	463
1639	167
1640	1387
1641	1239
1642	1267
1643	1031
1644	264
1645	1320
1646	478
1647	1823
1648	697
1649	1517
1650	1775
1651	926
1652	1170
1653	1468
1654	308
1655	683
1656	513
1657	1808
1658	132
1659	1956
1660	728
1661	783
1662	907
1663	217
1664	295
1665	263
1666	541
1667	1963
1668	1380
1669	734
1670	265
1671	1735
1672	818
1673	170
1674	1497
1675	1687
1676	1645
1677	1714
1678	977
1679	1871
1680	1536
1681	1784
1682	1542
1683	1754
1684	871
1685	891
1686	1997
1687	510
1688	1620
1689	1139
1690	1920
1691	903
1692	362
1693	240
1694	34
1695	1305
1696	1286
1697	1317
1698	1658
1699	380
1700	436
1701	1728
1702	355
1703	290
1704	1315
1705	211
1706	94
1707	1319
1708	68
1709	1190
1710	1793
1711	81
1712	1988
1713	1378
1714	52
1715	1295
1716	364
1717	904
1718	1192
1719	45
1720	1653
1721	645
1722	1459
1723	559
1724	556
1725	1021
1726	1111
1727	1854
1728	1543
1729	1036
1730	100
1731	352
1732	1272
1733	1807
1734	1689
1735	41
1736	1812
1737	1563
1738	1052
1739	1686
1740	373
1741	1107
1742	460
1743	881
1744	1525
1745	1799
1746	1981
1747	1883
1748	1801
1749	1934
1750	846
1751	91
1752	449
1753	422
1754	986
1755	1770
1756	530
1757	1059
1758	501
1759	1405
1760	1131
1761	1067
1762	533
1763	1487
1764	1995
1765	450
1766	1880
1767	358
1768	1960
1769	428
1770	1680
1771	154
1772	1316
1773	1504
1774	1866
1775	1199
1776	440
1777	1642
1778	1742
1779	1733
1780	500
1781	1996
1782	718
1783	401
1784	1410
1785	575
1786	1155
1787	387
1788	1558
1789	1140
1790	467
1791	374
1792	112
1793	1181
1794	1182
1795	1265
1796	719
1797	1872
1798	935
1799	816
1800	1692
1801	839
1802	948
1803	69
1804	1058
1805	737
1806	885
1807	282
1808	569
1809	414
1810	1010
1811	424
1812	641
1813	1158
1814	802
1815	1368
1816	205
1817	1017
1818	347
1819	1685
1820	1377
1821	341
1822	459
1823	1409
1824	420
1825	1590
1826	1779
1827	1152
1828	978
1829	984
1830	698
1831	147
1832	139
1833	511
1834	1834
1835	291
1836	895
1837	1782
1838	173
1839	115
1840	1792
1841	328
1842	1907
1843	11
1844	28
1845	1148
1846	1256
1847	453
1848	776
1849	528
1850	461
1851	246
1852	29
1853	535
1854	1576
1855	204
1856	370
1857	954
1858	1363
1859	469
1860	1271
1861	1376
1862	551
1863	1183
1864	1313
1865	1580
1866	1876
1867	1547
1868	464
1869	1677
1870	1951
1871	1717
1872	317
1873	571
1874	915
1875	563
1876	372
1877	1296
1878	73
1879	1953
1880	93
1881	965
1882	988
1883	1229
1884	947
1885	1270
1886	108
1887	192
1888	577
1889	1502
1890	239
1891	452
1892	692
1893	558
1894	765
1895	156
1896	1568
1897	474
1898	1534
1899	702
1900	1747
1901	1274
1902	1748
1903	628
1904	674
1905	1135
1906	462
1907	249
1908	1291
1909	1452
1910	1636
1911	72
1912	1765
1913	1925
1914	754
1915	405
1916	1249
1917	158
1918	1824
1919	1165
1920	727
1921	1978
1922	150
1923	1358
1924	919
1925	1071
1926	1214
1927	1797
1928	90
1929	616
1930	182
1931	366
1932	1882
1933	1069
1934	298
1935	36
1936	766
1937	883
1938	1108
1939	157
1940	1649
1941	1099
1942	130
1943	1334
1944	1927
1945	1303
1946	357
1947	1974
1948	792
1949	454
1950	790
1951	637
1952	532
1953	24
1954	701
1955	1070
1956	1162
1957	1413
1958	1966
1959	1643
1960	1815
1961	60
1962	506
1963	649
1964	58
1965	1909
1966	543
1967	252
1968	96
1969	1641
1970	86
1971	1128
1972	1965
1973	1727
1974	1885
1975	1640
1976	1353
1977	1384
1978	338
1979	1908
1980	762
1981	1433
1982	164
1983	1330
1984	5
1985	1546
1986	841
1987	504
1988	1691
1989	604
1990	982
1991	55
1992	747
1993	539
1994	1739
1995	690
1996	760
1997	1186
1998	1289
1999	1484
2000	1768
2001	1439