500
1	313
2	145
3	369
4	464
5	238
6	263
7	34
8	75
9	197
10	60
11	108
12	454
13	66
14	196
15	318
16	380
17	436
18	253
19	184
20	240
21	243
22	158
23	26
24	418
25	300
26	192
27	373
28	288
29	452
30	282
31	277
32	199
33	79
34	68
35	378
36	493
37	348
38	449
39	134
40	305
41	477
42	384
43	95
44	490
45	56
46	101
47	403
48	494
49	165
50	160
51	211
52	450
53	241
54	286
55	8
56	159
57	364
58	271
59	87
60	366
61	444
62	110
63	168
64	179
65	408
66	219
67	71
68	471
69	207
70	393
71	88
72	420
73	36
74	317
75	143
76	383
77	117
78	231
79	375
80	368
81	173
82	320
83	41
84	400
85	24
86	104
87	254
88	201
89	171
90	224
91	492
92	331
93	155
94	126
95	332
96	347
97	175
98	6
99	451
100	130
101	102
102	267
103	210
104	353
105	402
106	169
107	146
108	182
109	228
110	16
111	404
112	72
113	31
114	129
115	50
116	457
117	177
118	15
119	247
120	410
121	333
122	501
123	203
124	425
125	150
126	123
127	309
128	389
129	113
130	125
131	325
132	362
133	27
134	251
135	319
136	78
137	415
138	498
139	329
140	223
141	308
142	167
143	43
144	474
145	314
146	465
147	135
148	32
149	303
150	22
151	54
152	9
153	11
154	47
155	334
156	307
157	385
158	326
159	467
160	215
161	188
162	273
163	339
164	290
165	322
166	55
167	367
168	442
169	285
170	256
171	382
172	137
173	376
174	202
175	225
176	315
177	7
178	246
179	478
180	461
181	244
182	21
183	86
184	166
185	458
186	388
187	359
188	372
189	213
190	121
191	122
192	194
193	93
194	370
195	133
196	336
197	455
198	53
199	3
200	1
201	433
202	481
203	18
204	431
205	227
206	220
207	266
208	235
209	265
210	19
211	147
212	48
213	466
214	214
215	439
216	434
217	275
218	189
219	321
220	427
221	30
222	304
223	61
224	10
225	153
226	342
227	183
228	63
229	193
230	283
231	45
232	344
233	259
234	260
235	394
236	456
237	107
238	356
239	312
240	152
241	487
242	96
243	391
244	437
245	91
246	363
247	97
248	278
249	164
250	424
251	264
252	222
253	469
254	294
255	365
256	298
257	73
258	239
259	109
260	496
261	40
262	292
263	249
264	154
265	417
266	262
267	187
268	112
269	381
270	486
271	429
272	350
273	479
274	276
275	324
276	386
277	119
278	401
279	140
280	293
281	111
282	405
283	106
284	116
285	33
286	441
287	390
288	100
289	289
290	414
291	435
292	488
293	428
294	229
295	176
296	29
297	39
298	85
299	14
300	144
301	445
302	446
303	180
304	406
305	430
306	489
307	279
308	323
309	181
310	482
311	206
312	281
313	83
314	92
315	51
316	217
317	374
318	170
319	234
320	284
321	118
322	310
323	42
324	399
325	272
326	413
327	280
328	484
329	151
330	205
331	103
332	200
333	472
334	345
335	327
336	447
337	411
338	354
339	81
340	255
341	316
342	20
343	2
344	226
345	218
346	328
347	127
348	89
349	5
350	69
351	349
352	270
353	397
354	142
355	139
356	212
357	351
358	269
359	360
360	90
361	23
362	233
363	65
364	419
365	297
366	198
367	195
368	13
369	245
370	58
371	422
372	330
373	161
374	49
375	473
376	82
377	387
378	114
379	248
380	136
381	499
382	398
383	37
384	124
385	230
386	261
387	491
388	77
389	463
390	162
391	301
392	28
393	485
394	84
395	392
396	341
397	157
398	274
399	302
400	67
401	120
402	291
403	361
404	44
405	346
406	62
407	190
408	396
409	148
410	64
411	475
412	236
413	250
414	209
415	156
416	337
417	352
418	132
419	258
420	432
421	178
422	453
423	296
424	448
425	440
426	141
427	377
428	338
429	371
430	98
431	99
432	407
433	268
434	52
435	423
436	468
437	460
438	149
439	80
440	306
441	12
442	232
443	476
444	76
445	287
446	426
447	295
448	480
449	242
450	174
451	483
452	343
453	46
454	25
455	57
456	59
457	237
458	163
459	191
460	186
461	172
462	185
463	221
464	412
465	208
466	409
467	115
468	495
469	395
470	128
471	470
472	204
473	70
474	497
475	357
476	355
477	252
478	105
479	4
480	335
481	138
482	443
483	94
484	358
485	131
486	379
487	421
488	340
489	216
490	311
491	257
492	38
493	462
494	17
495	74
496	35
497	299
498	438
499	416
500	459
501	500