4000
1	1470
2	758
3	316
4	1448
5	2967
6	267
7	3035
8	1701
9	941
10	1349
11	2891
12	594
13	2527
14	3190
15	1863
16	2417
17	1895
18	579
19	1306
20	246
21	1582
22	1937
23	913
24	1290
25	782
26	459
27	147
28	3334
29	483
30	1355
31	3005
32	1482
33	2529
34	2072
35	3962
36	922
37	1883
38	1304
39	1180
40	3782
41	3652
42	435
43	1626
44	3649
45	1913
46	2585
47	2948
48	1427
49	2621
50	394
51	3533
52	3165
53	1695
54	3656
55	1282
56	408
57	1920
58	3145
59	1743
60	2691
61	3062
62	3103
63	3830
64	729
65	2332
66	277
67	128
68	2416
69	3565
70	2099
71	2146
72	2447
73	1694
74	1871
75	1647
76	649
77	2098
78	1129
79	3428
80	2375
81	2415
82	1769
83	1105
84	1723
85	363
86	1181
87	571
88	952
89	3763
90	1845
91	2798
92	3858
93	345
94	3418
95	3803
96	1673
97	2767
98	543
99	3486
100	2929
101	215
102	3573
103	3838
104	537
105	1506
106	346
107	2419
108	2276
109	2282
110	2703
111	1318
112	995
113	2169
114	1240
115	3994
116	494
117	256
118	1746
119	2666
120	3595
121	2628
122	2583
123	1507
124	904
125	3407
126	1291
127	3506
128	174
129	3612
130	1031
131	2641
132	1991
133	1526
134	931
135	2473
136	2982
137	2936
138	726
139	2927
140	2681
141	1160
142	3316
143	3043
144	3317
145	3257
146	3433
147	113
148	3664
149	2617
150	406
151	350
152	3682
153	2618
154	737
155	863
156	2127
157	639
158	1535
159	1223
160	2000
161	1050
162	2562
163	1155
164	3775
165	1640
166	63
167	3205
168	2730
169	2498
170	2424
171	263
172	1364
173	1141
174	3029
175	3249
176	670
177	2591
178	1891
179	1654
180	3606
181	65
182	3268
183	2408
184	3312
185	471
186	2533
187	3929
188	2362
189	770
190	2434
191	1493
192	1683
193	2563
194	2074
195	3745
196	3295
197	3545
198	140
199	451
200	2069
201	2623
202	1936
203	42
204	439
205	2988
206	462
207	574
208	3993
209	3085
210	932
211	550
212	361
213	123
214	2289
215	899
216	466
217	3872
218	3088
219	662
220	1275
221	1267
222	2260
223	288
224	3170
225	3126
226	3448
227	2994
228	403
229	1358
230	3210
231	1403
232	2958
233	2536
234	1596
235	2946
236	2059
237	458
238	3377
239	3855
240	3131
241	2014
242	1166
243	1610
244	1317
245	281
246	753
247	3762
248	2576
249	3585
250	3583
251	95
252	1759
253	566
254	2448
255	2319
256	972
257	830
258	427
259	3807
260	2603
261	2588
262	2847
263	390
264	2211
265	2682
266	1419
267	1551
268	2023
269	1097
270	2853
271	514
272	1709
273	3204
274	1262
275	1344
276	3283
277	2696
278	2928
279	954
280	3187
281	3619
282	2121
283	2763
284	3979
285	1593
286	1405
287	3027
288	1502
289	434
290	924
291	3603
292	3808
293	3392
294	1792
295	3511
296	3191
297	2403
298	697
299	3466
300	1234
301	1893
302	3663
303	34
304	2106
305	2318
306	801
307	1925
308	2661
309	1000
310	491
311	1857
312	1584
313	2810
314	1459
315	1625
316	3052
317	3111
318	3489
319	3524
320	2745
321	163
322	2884
323	3410
324	3355
325	536
326	3032
327	2622
328	1380
329	3004
330	1169
331	964
332	1870
333	3624
334	3593
335	1867
336	3599
337	3696
338	2020
339	2719
340	3977
341	2202
342	3487
343	892
344	3738
345	895
346	249
347	3259
348	3843
349	1314
350	1247
351	2871
352	257
353	54
354	1454
355	760
356	2718
357	1689
358	1617
359	598
360	3680
361	2524
362	3115
363	1758
364	189
365	2909
366	2401
367	1487
368	1082
369	3804
370	1607
371	910
372	362
373	3724
374	453
375	1667
376	3772
377	2565
378	3978
379	158
380	1825
381	3460
382	476
383	1027
384	1331
385	420
386	2903
387	607
388	2759
389	1513
390	3653
391	1685
392	2279
393	3813
394	1224
395	2386
396	818
397	1251
398	1002
399	1644
400	3282
401	2159
402	3092
403	2540
404	3493
405	1650
406	3507
407	1828
408	513
409	1398
410	3990
411	2649
412	2726
413	3516
414	149
415	927
416	3865
417	1406
418	344
419	1648
420	2940
421	1679
422	2313
423	3744
424	2077
425	2194
426	1057
427	996
428	2685
429	2382
430	960
431	2302
432	3373
433	816
434	1115
435	1560
436	2782
437	1539
438	1200
439	3765
440	3022
441	682
442	3397
443	3771
444	121
445	3118
446	1132
447	1646
448	870
449	2214
450	262
451	2792
452	665
453	1660
454	1281
455	41
456	2250
457	2772
458	1330
459	2781
460	300
461	1924
462	6
463	2291
464	2839
465	2676
466	2341
467	39
468	1457
469	110
470	2432
471	2739
472	1765
473	2761
474	3477
475	1048
476	2817
477	2709
478	708
479	3385
480	114
481	192
482	2431
483	2970
484	2340
485	3076
486	1768
487	104
488	978
489	2521
490	703
491	2947
492	3365
493	2410
494	3839
495	3202
496	3016
497	2165
498	1836
499	36
500	2227
501	2646
502	2512
503	2128
504	2066
505	3869
506	74
507	3793
508	1869
509	193
510	1190
511	2123
512	3218
513	1751
514	659
515	820
516	261
517	2430
518	372
519	2652
520	1730
521	1984
522	1750
523	2669
524	2639
525	1106
526	385
527	847
528	3715
529	102
530	3235
531	286
532	2028
533	2855
534	718
535	3669
536	2756
537	756
538	989
539	2102
540	1548
541	2951
542	2829
543	3844
544	1399
545	2843
546	2057
547	2835
548	173
549	603
550	473
551	2103
552	1670
553	1248
554	646
555	1612
556	2542
557	3446
558	1334
559	1720
560	178
561	472
562	2105
563	1080
564	1734
565	2145
566	3439
567	1127
568	1803
569	2247
570	2172
571	2208
572	264
573	720
574	3930
575	542
576	2108
577	1371
578	2064
579	1604
580	2295
581	3417
582	768
583	511
584	1969
585	862
586	545
587	317
588	2402
589	3922
590	3183
591	2381
592	561
593	2945
594	676
595	2922
596	1677
597	885
598	1287
599	2624
600	3220
601	272
602	1664
603	2330
604	991
605	1366
606	1010
607	199
608	3040
609	1606
610	1473
611	2577
612	150
613	3079
614	1185
615	298
616	3822
617	1632
618	1681
619	1192
620	330
621	722
622	2222
623	3893
624	3575
625	1496
626	1782
627	1531
628	912
629	309
630	1637
631	3613
632	2161
633	96
634	1956
635	1201
636	3616
637	2445
638	1977
639	83
640	744
641	3602
642	1982
643	3931
644	2607
645	523
646	35
647	3084
648	3877
649	1182
650	2036
651	255
652	1945
653	3976
654	294
655	2184
656	9
657	2640
658	2088
659	2428
660	3333
661	1030
662	2242
663	101
664	3535
665	539
666	2488
667	3799
668	2645
669	1014
670	1337
671	171
672	2396
673	10
674	3924
675	3693
676	1499
677	415
678	2531
679	202
680	151
681	1187
682	3553
683	2363
684	3013
685	3239
686	875
687	2044
688	1784
689	2426
690	1044
691	1407
692	3123
693	1635
694	3060
695	787
696	3679
697	1451
698	840
699	3551
700	1501
701	3485
702	1173
703	1481
704	3471
705	2807
706	724
707	66
708	1143
709	1631
710	2659
711	324
712	2219
713	580
714	2694
715	549
716	2248
717	777
718	2462
719	902
720	327
721	1711
722	1271
723	2900
724	3196
725	1778
726	23
727	2556
728	1444
729	84
730	2858
731	480
732	881
733	3631
734	3319
735	1415
736	3406
737	2680
738	869
739	232
740	1585
741	3254
742	213
743	891
744	302
745	1378
746	2484
747	3674
748	2803
749	224
750	430
751	1556
752	936
753	2960
754	3181
755	2962
756	2317
757	2253
758	1549
759	632
760	3971
761	1807
762	2412
763	2574
764	2712
765	2550
766	3404
767	3655
768	3695
769	467
770	845
771	1425
772	1384
773	2181
774	2548
775	2808
776	3743
777	2032
778	1521
779	3108
780	3566
781	1917
782	2859
783	1742
784	2257
785	3543
786	1126
787	2824
788	360
789	2828
790	658
791	878
792	3457
793	914
794	1123
795	3651
796	1195
797	1308
798	3203
799	1006
800	1300
801	3227
802	2968
803	1221
804	2502
805	2160
806	375
807	1452
808	2440
809	672
810	1947
811	699
812	1787
813	3024
814	3151
815	3082
816	1071
817	3309
818	1921
819	153
820	227
821	1054
822	2705
823	2991
824	2043
825	630
826	510
827	1909
828	1764
829	3167
830	615
831	1307
832	2228
833	584
834	3474
835	3275
836	2476
837	3541
838	1137
839	864
840	3379
841	445
842	3948
843	1112
844	2747
845	2277
846	1806
847	2665
848	3366
849	1134
850	3902
851	2790
852	2334
853	2271
854	3673
855	3887
856	2175
857	1938
858	2836
859	1360
860	3454
861	3188
862	2002
863	1993
864	3303
865	2388
866	1659
867	3059
868	1533
869	1011
870	2051
871	414
872	2656
873	3128
874	2736
875	29
876	826
877	1706
878	2349
879	2654
880	119
881	2149
882	3818
883	1435
884	1722
885	1210
886	3751
887	1710
888	986
889	3194
890	220
891	1900
892	432
893	2495
894	2205
895	2483
896	3492
897	3661
898	2126
899	1183
900	3863
901	806
902	1731
903	1362
904	1108
905	2506
906	1597
907	268
908	2578
909	276
910	2846
911	2634
912	3935
913	160
914	2632
915	3501
916	555
917	3462
918	2472
919	3041
920	3850
921	3805
922	2210
923	3338
924	2580
925	369
926	849
927	1629
928	3039
929	461
930	3266
931	3733
932	2704
933	3644
934	1861
935	2684
936	1270
937	3243
938	3698
939	243
940	832
941	3607
942	515
943	1176
944	2796
945	3314
946	1345
947	781
948	3065
949	2952
950	1756
951	1028
952	3622
953	988
954	428
955	1904
956	143
957	1983
958	3532
959	2917
960	1484
961	292
962	12
963	1652
964	3727
965	2762
966	2485
967	981
968	373
969	3452
970	968
971	1846
972	2515
973	3910
974	1256
975	1310
976	2748
977	3345
978	2315
979	1237
980	1588
981	1858
982	903
983	365
984	1669
985	3095
986	3527
987	795
988	1172
989	698
990	2336
991	1313
992	3201
993	2626
994	2280
995	3451
996	3099
997	3658
998	1835
999	741
1000	2246
1001	2868
1002	2239
1003	901
1004	943
1005	2815
1006	750
1007	2223
1008	2045
1009	534
1010	2959
1011	2439
1012	1511
1013	1013
1014	2625
1015	844
1016	2093
1017	1774
1018	2508
1019	1840
1020	3028
1021	1136
1022	868
1023	596
1024	3002
1025	3342
1026	796
1027	2489
1028	1550
1029	2535
1030	2025
1031	1022
1032	2144
1033	3416
1034	2780
1035	2677
1036	218
1037	1189
1038	2534
1039	137
1040	3568
1041	1814
1042	2092
1043	2852
1044	2398
1045	3846
1046	1944
1047	1691
1048	2826
1049	1767
1050	2307
1051	3415
1052	278
1053	1252
1054	3067
1055	1032
1056	2479
1057	1733
1058	2474
1059	3577
1060	1638
1061	950
1062	2076
1063	1246
1064	1067
1065	418
1066	2350
1067	595
1068	1242
1069	1599
1070	694
1071	827
1072	647
1073	1490
1074	2017
1075	3159
1076	1375
1077	3961
1078	2150
1079	1047
1080	3465
1081	3139
1082	1762
1083	448
1084	3080
1085	3307
1086	478
1087	1777
1088	2482
1089	3561
1090	1874
1091	1051
1092	3209
1093	1894
1094	812
1095	743
1096	1394
1097	2471
1098	3518
1099	198
1100	3884
1101	3798
1102	3974
1103	3530
1104	3391
1105	2746
1106	1643
1107	1703
1108	4001
1109	1142
1110	3662
1111	865
1112	2180
1113	3678
1114	1179
1115	947
1116	1463
1117	3244
1118	2992
1119	3483
1120	3143
1121	241
1122	3352
1123	668
1124	799
1125	2109
1126	3969
1127	2389
1128	948
1129	56
1130	775
1131	1198
1132	3324
1133	2569
1134	2162
1135	1712
1136	270
1137	3357
1138	710
1139	2466
1140	517
1141	2693
1142	2723
1143	2135
1144	470
1145	2497
1146	2897
1147	3455
1148	656
1149	2492
1150	3381
1151	2235
1152	3734
1153	1338
1154	1297
1155	2367
1156	1804
1157	1033
1158	1162
1159	2567
1160	2499
1161	2113
1162	1802
1163	625
1164	3036
1165	959
1166	1995
1167	3150
1168	2189
1169	1285
1170	1009
1171	2029
1172	2086
1173	2238
1174	1543
1175	1618
1176	829
1177	643
1178	780
1179	1212
1180	1329
1181	803
1182	3382
1183	3104
1184	1935
1185	3349
1186	1763
1187	3999
1188	2193
1189	216
1190	3179
1191	930
1192	3311
1193	1274
1194	364
1195	888
1196	97
1197	804
1198	3429
1199	2133
1200	27
1201	958
1202	3564
1203	3302
1204	3473
1205	3049
1206	3885
1207	3854
1208	2520
1209	340
1210	347
1211	3050
1212	3888
1213	1529
1214	3742
1215	1636
1216	3933
1217	1474
1218	1434
1219	2957
1220	1738
1221	125
1222	1078
1223	1497
1224	2930
1225	2778
1226	2877
1227	644
1228	2198
1229	1393
1230	2320
1231	3279
1232	679
1233	2510
1234	1188
1235	719
1236	1810
1237	567
1238	2974
1239	1354
1240	2978
1241	3372
1242	2934
1243	3728
1244	212
1245	2018
1246	1135
1247	872
1248	3468
1249	3413
1250	2805
1251	2240
1252	2604
1253	1779
1254	540
1255	1668
1256	3284
1257	1848
1258	548
1259	1962
1260	1458
1261	3608
1262	1958
1263	3264
1264	1952
1265	2528
1266	1438
1267	28
1268	2814
1269	2707
1270	1431
1271	3528
1272	253
1273	283
1274	2345
1275	2954
1276	2774
1277	695
1278	1480
1279	1079
1280	1325
1281	2251
1282	341
1283	2608
1284	3578
1285	131
1286	2005
1287	1347
1288	2722
1289	2425
1290	1352
1291	998
1292	379
1293	715
1294	359
1295	3713
1296	1544
1297	40
1298	569
1299	1466
1300	2393
1301	611
1302	1244
1303	3374
1304	3445
1305	3497
1306	2328
1307	2571
1308	3394
1309	3980
1310	2848
1311	2802
1312	1096
1313	474
1314	3580
1315	706
1316	3146
1317	3281
1318	2804
1319	766
1320	942
1321	1442
1322	1483
1323	933
1324	1215
1325	797
1326	1766
1327	1620
1328	237
1329	1887
1330	1926
1331	3880
1332	2129
1333	1591
1334	3321
1335	2104
1336	1472
1337	1348
1338	638
1339	3073
1340	3588
1341	2769
1342	410
1343	3277
1344	1088
1345	3137
1346	2990
1347	207
1348	3722
1349	2154
1350	861
1351	3246
1352	2913
1353	1471
1354	2177
1355	3180
1356	3396
1357	740
1358	484
1359	449
1360	3966
1361	963
1362	2724
1363	177
1364	1725
1365	1896
1366	3262
1367	3001
1368	384
1369	3070
1370	687
1371	3258
1372	335
1373	1771
1374	3683
1375	772
1376	2366
1377	2519
1378	419
1379	3720
1380	172
1381	3133
1382	3757
1383	2114
1384	786
1385	717
1386	3816
1387	2500
1388	3251
1389	1823
1390	87
1391	2309
1392	1298
1393	2124
1394	338
1395	1034
1396	231
1397	2021
1398	1222
1399	874
1400	1424
1401	333
1402	3621
1403	1923
1404	1029
1405	1003
1406	1950
1407	1542
1408	1460
1409	1886
1410	789
1411	3828
1412	1830
1413	1335
1414	498
1415	2130
1416	1576
1417	3547
1418	821
1419	1273
1420	2863
1421	230
1422	1579
1423	3627
1424	1752
1425	1773
1426	3633
1427	546
1428	2380
1429	2429
1430	3991
1431	731
1432	2046
1433	3176
1434	206
1435	610
1436	1727
1437	1568
1438	2984
1439	493
1440	180
1441	3014
1442	884
1443	1919
1444	705
1445	3502
1446	1955
1447	2443
1448	1277
1449	661
1450	3950
1451	660
1452	907
1453	1214
1454	769
1455	106
1456	2457
1457	3177
1458	3761
1459	2183
1460	3521
1461	3823
1462	953
1463	497
1464	20
1465	236
1466	195
1467	2047
1468	1266
1469	14
1470	2268
1471	2883
1472	3890
1473	1386
1474	1653
1475	1186
1476	725
1477	2944
1478	1987
1479	1233
1480	3332
1481	2053
1482	2885
1483	3690
1484	3287
1485	1042
1486	1562
1487	2716
1488	837
1489	2916
1490	572
1491	3967
1492	608
1493	82
1494	3536
1495	3832
1496	2963
1497	1197
1498	3395
1499	557
1500	1929
1501	3560
1502	2404
1503	3047
1504	3670
1505	496
1506	519
1507	2566
1508	983
1509	3647
1510	396
1511	486
1512	570
1513	1639
1514	3526
1515	2867
1516	2007
1517	144
1518	1439
1519	897
1520	1580
1521	3833
1522	166
1523	2233
1524	52
1525	1753
1526	727
1527	2636
1528	234
1529	2888
1530	1561
1531	3031
1532	1402
1533	3367
1534	2830
1535	2925
1536	3943
1537	3721
1538	3875
1539	1229
1540	2442
1541	2554
1542	3640
1543	3168
1544	828
1545	1897
1546	2686
1547	2812
1548	3940
1549	764
1550	2742
1551	2359
1552	856
1553	3291
1554	2831
1555	3629
1556	533
1557	3496
1558	2921
1559	1456
1560	634
1561	757
1562	334
1563	1563
1564	2331
1565	3905
1566	2065
1567	2390
1568	2695
1569	238
1570	2056
1571	614
1572	653
1573	1570
1574	138
1575	1494
1576	109
1577	1819
1578	2572
1579	126
1580	3681
1581	3759
1582	2444
1583	3598
1584	402
1585	3238
1586	1441
1587	3021
1588	3267
1589	204
1590	1965
1591	3525
1592	2132
1593	3615
1594	38
1595	1953
1596	3488
1597	1821
1598	808
1599	975
1600	61
1601	1940
1602	3992
1603	3908
1604	641
1605	3057
1606	3861
1607	254
1608	3834
1609	1416
1610	1504
1611	429
1612	1911
1613	3241
1614	2989
1615	1980
1616	60
1617	1517
1618	1859
1619	4000
1620	677
1621	2720
1622	1686
1623	3891
1624	752
1625	3304
1626	2042
1627	2467
1628	225
1629	3114
1630	2924
1631	1265
1632	355
1633	3505
1634	3206
1635	1492
1636	1128
1637	807
1638	2137
1639	2728
1640	259
1641	2300
1642	2710
1643	2683
1644	2338
1645	1892
1646	1586
1647	748
1648	3193
1649	1566
1650	469
1651	304
1652	1303
1653	3240
1654	2379
1655	1382
1656	1699
1657	2850
1658	759
1659	1503
1660	1839
1661	526
1662	3777
1663	1206
1664	1121
1665	792
1666	642
1667	1432
1668	1111
1669	3271
1670	2771
1671	589
1672	301
1673	3153
1674	3412
1675	853
1676	19
1677	3686
1678	2993
1679	505
1680	2073
1681	13
1682	1216
1683	1590
1684	3172
1685	866
1686	3555
1687	1968
1688	2838
1689	2101
1690	271
1691	3537
1692	1963
1693	3306
1694	1018
1695	3261
1696	3648
1697	685
1698	2942
1699	3498
1700	2374
1701	2269
1702	3998
1703	244
1704	81
1705	1927
1706	3086
1707	1994
1708	1363
1709	157
1710	3427
1711	1147
1712	2594
1713	443
1714	1997
1715	621
1716	489
1717	1641
1718	520
1719	1961
1720	2245
1721	2600
1722	1964
1723	1124
1724	1818
1725	1645
1726	2376
1727	3542
1728	3546
1729	3620
1730	716
1731	2777
1732	1486
1733	1843
1734	2490
1735	3161
1736	1449
1737	2008
1738	2795
1739	2833
1740	1101
1741	1546
1742	2558
1743	2327
1744	2579
1745	1910
1746	1065
1747	2305
1748	3456
1749	3225
1750	1594
1751	1558
1752	2667
1753	813
1754	905
1755	1343
1756	2185
1757	2532
1758	1455
1759	1104
1760	2648
1761	3964
1762	209
1763	1012
1764	2039
1765	3894
1766	1250
1767	1837
1768	1036
1769	2706
1770	3600
1771	67
1772	266
1773	3475
1774	2760
1775	2544
1776	2068
1777	3351
1778	2901
1779	1218
1780	2080
1781	2537
1782	2156
1783	2985
1784	3260
1785	686
1786	2758
1787	2164
1788	928
1789	3154
1790	1842
1791	1928
1792	168
1793	3825
1794	3538
1795	2906
1796	2166
1797	2766
1798	855
1799	2286
1800	735
1801	328
1802	2394
1803	1959
1804	3909
1805	3144
1806	2299
1807	185
1808	1661
1809	1793
1810	3781
1811	601
1812	1684
1813	142
1814	50
1815	2455
1816	2004
1817	1376
1818	3096
1819	2084
1820	1202
1821	3523
1822	2270
1823	2764
1824	1615
1825	1063
1826	3791
1827	3549
1828	3820
1829	2468
1830	2179
1831	556
1832	1158
1833	2085
1834	949
1835	122
1836	723
1837	2800
1838	3361
1839	1374
1840	1547
1841	810
1842	1621
1843	3766
1844	3142
1845	3550
1846	444
1847	1775
1848	3982
1849	2477
1850	2821
1851	657
1852	879
1853	2385
1854	1812
1855	3229
1856	3699
1857	3046
1858	3657
1859	2237
1860	3718
1861	684
1862	2768
1863	3399
1864	817
1865	1602
1866	3811
1867	2926
1868	1421
1869	2546
1870	3981
1871	1760
1872	3796
1873	1690
1874	205
1875	1159
1876	2597
1877	1834
1878	1707
1879	485
1880	1359
1881	1311
1882	3572
1883	2673
1884	1191
1885	3641
1886	1515
1887	69
1888	3787
1889	3685
1890	1420
1891	2163
1892	609
1893	2451
1894	3000
1895	1255
1896	1578
1897	159
1898	3522
1899	1552
1900	3975
1901	3075
1902	201
1903	825
1904	730
1905	2054
1906	1918
1907	1351
1908	2097
1909	3871
1910	3899
1911	1808
1912	2115
1913	1377
1914	3222
1915	3840
1916	3689
1917	2281
1918	1572
1919	3015
1920	3783
1921	326
1922	3019
1923	3576
1924	3710
1925	898
1926	306
1927	55
1928	2052
1929	3442
1930	3753
1931	3591
1932	1809
1933	15
1934	3055
1935	754
1936	3867
1937	3430
1938	105
1939	387
1940	1167
1941	1280
1942	2711
1943	1908
1944	3056
1945	2725
1946	1524
1947	1004
1948	937
1949	2079
1950	1553
1951	1688
1952	3017
1953	3232
1954	108
1955	1433
1956	1301
1957	468
1958	3328
1959	1368
1960	2481
1961	3438
1962	44
1963	1789
1964	1860
1965	1988
1966	3842
1967	3121
1968	2191
1969	2517
1970	374
1971	1972
1972	3702
1973	620
1974	1400
1975	2188
1976	1102
1977	3817
1978	2157
1979	521
1980	2504
1981	3149
1982	3331
1983	1575
1984	1671
1985	2851
1986	2329
1987	2322
1988	2368
1989	3752
1990	2765
1991	1074
1992	751
1993	1820
1994	605
1995	2397
1996	2910
1997	2866
1998	197
1999	3563
2000	1698
2001	1655
2002	2629
2003	3459
2004	3224
2005	681
2006	2221
2007	475
2008	1509
2009	559
2010	1813
2011	3233
2012	1417
2013	440
2014	1754
2015	3996
2016	916
2017	3594
2018	1178
2019	790
2020	1992
2021	3853
2022	2526
2023	2344
2024	3423
2025	3424
2026	1410
2027	3458
2028	915
2029	2411
2030	3926
2031	1094
2032	2125
2033	2252
2034	2195
2035	1041
2036	1379
2037	1538
2038	604
2039	3552
2040	3923
2041	3732
2042	3437
2043	1693
2044	3387
2045	228
2046	3921
2047	2353
2048	400
2049	1357
2050	3234
2051	3558
2052	1260
2053	848
2054	2174
2055	2218
2056	2975
2057	417
2058	1174
2059	3255
2060	2138
2061	3339
2062	107
2063	3325
2064	17
2065	1073
2066	2070
2067	482
2068	1726
2069	1040
2070	1875
2071	919
2072	393
2073	1025
2074	2357
2075	64
2076	203
2077	1634
2078	3157
2079	2882
2080	78
2081	2837
2082	1035
2083	1207
2084	1890
2085	547
2086	2987
2087	2034
2088	3632
2089	2454
2090	900
2091	2564
2092	3495
2093	3369
2094	2142
2095	2635
2096	1175
2097	3071
2098	3008
2099	2496
2100	1522
2101	3864
2102	1302
2103	3491
2104	2143
2105	383
2106	1114
2107	2131
2108	771
2109	599
2110	2297
2111	3642
2112	2995
2113	1450
2114	2557
2115	742
2116	2310
2117	1365
2118	2324
2119	504
2120	1037
2121	2899
2122	2153
2123	3810
2124	2446
2125	2192
2126	3704
2127	3478
2128	1866
2129	1741
2130	1100
2131	3650
2132	2136
2133	628
2134	1728
2135	1633
2136	877
2137	2420
2138	2456
2139	2371
2140	1341
2141	2116
2142	305
2143	2811
2144	2744
2145	2538
2146	3947
2147	2167
2148	88
2149	3134
2150	411
2151	2568
2152	3848
2153	3503
2154	398
2155	617
2156	1437
2157	3788
2158	217
2159	798
2160	1611
2161	2311
2162	3879
2163	3278
2164	2151
2165	2027
2166	1446
2167	337
2168	2342
2169	1066
2170	208
2171	3077
2172	568
2173	2933
2174	2422
2175	75
2176	3322
2177	2176
2178	2794
2179	3847
2180	2095
2181	1740
2182	667
2183	3626
2184	2892
2185	1850
2186	3694
2187	1941
2188	1168
2189	2655
2190	1914
2191	221
2192	3248
2193	3420
2194	2602
2195	3586
2196	1755
2197	3628
2198	2822
2199	2087
2200	3604
2201	1676
2202	1780
2203	3706
2204	1827
2205	2609
2206	860
2207	2230
2208	1296
2209	2288
2210	1154
2211	366
2212	2110
2213	2919
2214	1120
2215	3995
2216	1477
2217	2870
2218	3876
2219	1697
2220	2441
2221	389
2222	223
2223	146
2224	3835
2225	3985
2226	2755
2227	37
2228	3362
2229	1213
2230	2543
2231	2352
2232	1443
2233	2041
2234	79
2235	413
2236	956
2237	1053
2238	2365
2239	732
2240	1732
2241	2470
2242	3186
2243	2100
2244	2611
2245	531
2246	2675
2247	181
2248	312
2249	846
2250	161
2251	553
2252	1915
2253	1397
2254	233
2255	1125
2256	3192
2257	3790
2258	3767
2259	2949
2260	889
2261	2886
2262	129
2263	1117
2264	525
2265	3769
2266	1093
2267	578
2268	1388
2269	279
2270	2170
2271	3712
2272	2263
2273	887
2274	755
2275	3942
2276	258
2277	2244
2278	2314
2279	980
2280	2559
2281	175
2282	2905
2283	332
2284	623
2285	290
2286	2902
2287	3709
2288	2016
2289	321
2290	1056
2291	2022
2292	1238
2293	274
2294	1844
2295	3481
2296	1122
2297	43
2298	421
2299	3102
2300	1975
2301	1272
2302	2265
2303	2797
2304	712
2305	1981
2306	3701
2307	1016
2308	582
2309	3323
2310	3189
2311	2361
2312	2523
2313	883
2314	311
2315	3444
2316	2610
2317	1864
2318	187
2319	2337
2320	247
2321	3741
2322	606
2323	2258
2324	635
2325	3795
2326	2335
2327	3226
2328	499
2329	116
2330	397
2331	1880
2332	1747
2333	664
2334	1704
2335	3105
2336	3717
2337	2478
2338	3714
2339	2688
2340	1389
2341	1316
2342	1058
2343	3984
2344	1518
2345	3247
2346	3596
2347	357
2348	251
2349	1
2350	761
2351	3684
2352	992
2353	3667
2354	2832
2355	3197
2356	1103
2357	3723
2358	1523
2359	378
2360	184
2361	1678
2362	325
2363	3327
2364	955
2365	2643
2366	2816
2367	1600
2368	3058
2369	2399
2370	873
2371	2956
2372	111
2373	1130
2374	3582
2375	2729
2376	3470
2377	3120
2378	707
2379	3061
2380	2740
2381	1888
2382	94
2383	3951
2384	296
2385	3730
2386	1877
2387	2058
2388	3089
2389	3559
2390	2009
2391	1283
2392	1086
2393	3384
2394	2890
2395	1232
2396	3539
2397	2206
2398	165
2399	313
2400	3986
2401	3845
2402	1973
2403	1674
2404	2493
2405	739
2406	3852
2407	1447
2408	226
2409	1520
2410	1525
2411	235
2412	2450
2413	3037
2414	30
2415	33
2416	3042
2417	3918
2418	2
2419	2015
2420	2996
2421	3401
2422	2040
2423	2874
2424	791
2425	851
2426	3862
2427	1999
2428	1495
2429	2596
2430	3912
2431	2147
2432	3857
2433	1430
2434	2907
2435	2241
2436	2999
2437	2190
2438	3570
2439	1708
2440	3113
2441	2878
2442	2231
2443	3955
2444	1326
2445	3997
2446	2118
2447	3907
2448	2935
2449	3467
2450	2679
2451	3368
2452	2516
2453	2911
2454	1370
2455	90
2456	2078
2457	1107
2458	2343
2459	1514
2460	229
2461	2254
2462	3920
2463	2733
2464	1770
2465	714
2466	1939
2467	3750
2468	3760
2469	1885
2470	1868
2471	3574
2472	962
2473	3343
2474	1177
2475	3011
2476	2581
2477	211
2478	2979
2479	8
2480	356
2481	3949
2482	2232
2483	1475
2484	3675
2485	1876
2486	2964
2487	2372
2488	554
2489	176
2490	3510
2491	1537
2492	2969
2493	2437
2494	291
2495	190
2496	433
2497	1109
2498	382
2499	3952
2500	3003
2501	3785
2502	2953
2503	1794
2504	77
2505	454
2506	500
2507	3700
2508	3018
2509	3645
2510	1912
2511	3207
2512	908
2513	2266
2514	2209
2515	112
2516	3265
2517	3956
2518	911
2519	2406
2520	3166
2521	1164
2522	1800
2523	3269
2524	99
2525	3290
2526	3739
2527	669
2528	1852
2529	650
2530	399
2531	1259
2532	3472
2533	1045
2534	3463
2535	3802
2536	2226
2537	1336
2538	689
2539	3873
2540	3754
2541	285
2542	2664
2543	2854
2544	3707
2545	3034
2546	70
2547	3051
2548	733
2549	2918
2550	1462
2551	969
2552	2932
2553	3164
2554	1165
2555	1005
2556	1500
2557	3436
2558	2438
2559	2275
2560	1151
2561	1624
2562	2690
2563	3212
2564	2378
2565	833
2566	1145
2567	918
2568	1339
2569	783
2570	2383
2571	1320
2572	2035
2573	2091
2574	1559
2575	2356
2576	3919
2577	1075
2578	1464
2579	909
2580	2914
2581	1838
2582	3719
2583	1519
2584	1225
2585	2358
2586	2469
2587	671
2588	248
2589	654
2590	308
2591	3078
2592	2619
2593	2369
2594	3898
2595	1854
2596	1705
2597	3098
2598	2961
2599	3740
2600	2096
2601	3033
2602	1144
2603	541
2604	3106
2605	115
2606	1791
2607	3147
2608	2463
2609	342
2610	2631
2611	2255
2612	371
2613	3422
2614	1761
2615	1478
2616	2006
2617	776
2618	935
2619	2708
2620	3637
2621	3066
2622	3330
2623	1957
2624	1467
2625	1293
2626	3746
2627	3155
2628	2141
2629	3800
2630	2287
2631	1884
2632	2937
2633	3006
2634	3094
2635	3117
2636	2545
2637	2038
2638	535
2639	512
2640	2627
2641	323
2642	3402
2643	2256
2644	3110
2645	438
2646	563
2647	3677
2648	2672
2649	265
2650	2869
2651	136
2652	593
2653	876
2654	1208
2655	2067
2656	2973
2657	1979
2658	2158
2659	2893
2660	2475
2661	76
2662	2060
2663	1069
2664	2207
2665	58
2666	2249
2667	985
2668	1557
2669	2494
2670	1623
2671	1072
2672	565
2673	1396
2674	352
2675	1276
2676	3913
2677	2908
2678	3897
2679	1479
2680	746
2681	2612
2682	1715
2683	1017
2684	1019
2685	3313
2686	1060
2687	2842
2688	1209
2689	436
2690	3231
2691	2638
2692	2306
2693	3107
2694	2590
2695	100
2696	2809
2697	3557
2698	1049
2699	3045
2700	824
2701	3519
2702	3449
2703	2435
2704	2011
2705	633
2706	2732
2707	838
2708	2998
2709	2234
2710	1745
2711	71
2712	2511
2713	3903
2714	2633
2715	3773
2716	275
2717	3509
2718	1781
2719	2637
2720	1264
2721	3812
2722	1327
2723	273
2724	1369
2725	1675
2726	3589
2727	391
2728	3584
2729	673
2730	1485
2731	3370
2732	1294
2733	3443
2734	1333
2735	1095
2736	1902
2737	3184
2738	1422
2739	194
2740	3211
2741	894
2742	250
2743	3297
2744	2549
2745	1826
2746	2582
2747	2453
2748	3705
2749	3069
2750	1951
2751	973
2752	3569
2753	1796
2754	1724
2755	1605
2756	3747
2757	191
2758	3882
2759	315
2760	2657
2761	1413
2762	1390
2763	1512
2764	834
2765	3353
2766	1736
2767	3540
2768	1540
2769	2405
2770	2614
2771	2986
2772	1153
2773	2278
2774	2061
2775	2224
2776	3643
2777	3654
2778	1966
2779	2049
2780	618
2781	3375
2782	46
2783	3198
2784	745
2785	2983
2786	690
2787	3400
2788	1505
2789	2789
2790	3426
2791	3906
2792	636
2793	2663
2794	1574
2795	1465
2796	3208
2797	831
2798	1797
2799	2301
2800	2642
2801	2216
2802	880
2803	1309
2804	2605
2805	3347
2806	1001
2807	3731
2808	711
2809	1373
2810	3364
2811	3256
2812	1976
2813	696
2814	3140
2815	1948
2816	1721
2817	1932
2818	2539
2819	3587
2820	2081
2821	3892
2822	2753
2823	501
2824	631
2825	843
2826	680
2827	1409
2828	1564
2829	2950
2830	3780
2831	987
2832	3162
2833	2551
2834	1140
2835	2507
2836	3294
2837	1865
2838	3617
2839	2721
2840	437
2841	2514
2842	2261
2843	970
2844	3329
2845	2413
2846	1532
2847	1739
2848	3676
2849	1412
2850	2480
2851	2048
2852	3953
2853	3356
2854	1089
2855	260
2856	2717
2857	538
2858	2743
2859	1619
2860	2436
2861	377
2862	1319
2863	2364
2864	3659
2865	1353
2866	3300
2867	2220
2868	1942
2869	1489
2870	1798
2871	3174
2872	1468
2873	3819
2874	1862
2875	2737
2876	1113
2877	3821
2878	336
2879	186
2880	2650
2881	1601
2882	2522
2883	3895
2884	358
2885	343
2886	1717
2887	3567
2888	2881
2889	2697
2890	2895
2891	1577
2892	622
2893	1616
2894	2955
2895	3859
2896	3476
2897	1832
2898	1395
2899	1383
2900	3158
2901	1608
2902	1286
2903	3376
2904	492
2905	1714
2906	3896
2907	1081
2908	1536
2909	2894
2910	1193
2911	3326
2912	3292
2913	2841
2914	307
2915	1658
2916	395
2917	823
2918	2030
2919	446
2920	2201
2921	49
2922	1226
2923	822
2924	1565
2925	3824
2926	3341
2927	2865
2928	2678
2929	3829
2930	1878
2931	1666
2932	2788
2933	3296
2934	3219
2935	3090
2936	1090
2937	2139
2938	2308
2939	1350
2940	1024
2941	3556
2942	141
2943	2658
2944	2518
2945	2647
2946	3901
2947	1070
2948	3618
2949	600
2950	2601
2951	2931
2952	1205
2953	957
2954	2197
2955	3389
2956	1440
2957	368
2958	1087
2959	2714
2960	2651
2961	3371
2962	132
2963	1622
2964	524
2965	1026
2966	2786
2967	3409
2968	1118
2969	2727
2970	2598
2971	590
2972	1372
2973	2013
2974	3414
2975	1657
2976	1855
2977	3623
2978	528
2979	2392
2980	457
2981	1627
2982	1713
2983	3517
2984	1829
2985	800
2986	1110
2987	154
2988	424
2989	2267
2990	2501
2991	1587
2992	3025
2993	289
2994	3101
2995	2031
2996	583
2997	1614
2998	2864
2999	422
3000	858
3001	401
3002	353
3003	1245
3004	1831
3005	1898
3006	1541
3007	3708
3008	1498
3009	839
3010	1516
3011	450
3012	3515
3013	3048
3014	322
3015	1254
3016	805
3017	1408
3018	3030
3019	2449
3020	164
3021	648
3022	1404
3023	3380
3024	26
3025	16
3026	1211
3027	3778
3028	182
3029	1967
3030	2584
3031	179
3032	3925
3033	455
3034	3534
3035	1805
3036	1841
3037	944
3038	452
3039	2339
3040	3638
3041	2806
3042	1203
3043	2587
3044	3130
3045	2112
3046	2384
3047	2215
3048	2541
3049	2200
3050	2981
3051	3911
3052	2050
3053	1083
3054	2283
3055	2294
3056	5
3057	1046
3058	3494
3059	219
3060	2347
3061	2849
3062	1998
3063	588
3064	1589
3065	3160
3066	3878
3067	329
3068	1008
3069	2530
3070	1007
3071	560
3072	3934
3073	3504
3074	923
3075	2033
3076	3605
3077	2593
3078	1889
3079	999
3080	2896
3081	51
3082	2107
3083	3378
3084	3965
3085	2264
3086	3786
3087	303
3088	2089
3089	836
3090	3794
3091	3359
3092	3185
3093	1571
3094	591
3095	2316
3096	938
3097	3597
3098	2793
3099	1822
3100	170
3101	2573
3102	1356
3103	2199
3104	2861
3105	728
3106	2823
3107	2687
3108	431
3109	573
3110	2326
3111	3957
3112	2414
3113	2586
3114	3512
3115	2941
3116	616
3117	1099
3118	2082
3119	3
3120	3245
3121	852
3122	1038
3123	1385
3124	2735
3125	1249
3126	1411
3127	1687
3128	2754
3129	3960
3130	3354
3131	2668
3132	1292
3133	794
3134	1361
3135	3963
3136	2321
3137	1269
3138	1064
3139	951
3140	2660
3141	2243
3142	3020
3143	1718
3144	127
3145	214
3146	2783
3147	2776
3148	2670
3149	1662
3150	544
3151	3579
3152	2644
3153	1817
3154	1978
3155	495
3156	1268
3157	2134
3158	3100
3159	1491
3160	3405
3161	2464
3162	3431
3163	551
3164	59
3165	2037
3166	3432
3167	893
3168	2303
3169	994
3170	1974
3171	1253
3172	1811
3173	3779
3174	917
3175	2972
3176	2090
3177	811
3178	3841
3179	1315
3180	3814
3181	1305
3182	3784
3183	2738
3184	2026
3185	463
3186	709
3187	2997
3188	2939
3189	652
3190	3112
3191	2860
3192	3711
3193	3768
3194	977
3195	1156
3196	3138
3197	3038
3198	2262
3199	1084
3200	3156
3201	612
3202	210
3203	1077
3204	3968
3205	409
3206	1528
3207	2509
3208	3932
3209	2229
3210	3274
3211	965
3212	2731
3213	788
3214	80
3215	1971
3216	3639
3217	629
3218	3917
3219	3063
3220	1328
3221	2503
3222	1856
3223	2770
3224	1295
3225	2976
3226	3135
3227	3938
3228	3360
3229	713
3230	3398
3231	683
3232	2613
3233	3068
3234	529
3235	1085
3236	2452
3237	1139
3238	2186
3239	747
3240	592
3241	2938
3242	3097
3243	3136
3244	2391
3245	1061
3246	1194
3247	2296
3248	2120
3249	2570
3250	2063
3251	1613
3252	1665
3253	976
3254	269
3255	3044
3256	1682
3257	1184
3258	738
3259	1332
3260	655
3261	2630
3262	1414
3263	613
3264	3053
3265	3687
3266	1847
3267	2943
3268	3450
3269	2075
3270	89
3271	1163
3272	2111
3273	416
3274	3500
3275	1567
3276	2698
3277	691
3278	1170
3279	3386
3280	1583
3281	3390
3282	1749
3283	784
3284	3508
3285	734
3286	921
3287	1324
3288	982
3289	3116
3290	767
3291	2423
3292	3665
3293	2589
3294	3348
3295	3809
3296	1381
3297	966
3298	1346
3299	785
3300	3611
3301	1199
3302	3868
3303	3293
3304	2491
3305	62
3306	3215
3307	442
3308	282
3309	587
3310	3660
3311	167
3312	2290
3313	1279
3314	295
3315	242
3316	508
3317	2799
3318	2140
3319	3666
3320	1786
3321	156
3322	1227
3323	465
3324	1021
3325	763
3326	1651
3327	1816
3328	850
3329	1239
3330	3836
3331	3668
3332	200
3333	91
3334	3889
3335	2203
3336	2715
3337	2225
3338	1990
3339	98
3340	2701
3341	1243
3342	2555
3343	386
3344	1873
3345	3636
3346	2779
3347	3408
3348	3749
3349	139
3350	1299
3351	2272
3352	640
3353	946
3354	367
3355	48
3356	3776
3357	3440
3358	3514
3359	2010
3360	407
3361	3421
3362	1716
3363	2071
3364	1934
3365	3691
3366	405
3367	1554
3368	3973
3369	1138
3370	619
3371	3959
3372	882
3373	2552
3374	2561
3375	3363
3376	2787
3377	120
3378	3866
3379	2355
3380	3928
3381	490
3382	859
3383	1453
3384	412
3385	1569
3386	57
3387	1960
3388	1737
3389	1043
3390	135
3391	2458
3392	704
3393	370
3394	3023
3395	3171
3396	637
3397	3169
3398	1901
3399	3970
3400	2351
3401	1131
3402	1757
3403	1257
3404	130
3405	3831
3406	1801
3407	2012
3408	2173
3409	575
3410	441
3411	1426
3412	3900
3413	1157
3414	2259
3415	2915
3416	2825
3417	3671
3418	3571
3419	3792
3420	2001
3421	3801
3422	1312
3423	2827
3424	3318
3425	3216
3426	1946
3427	314
3428	22
3429	3263
3430	1092
3431	2400
3432	72
3433	678
3434	3703
3435	1149
3436	3289
3437	3344
3438	245
3439	2178
3440	867
3441	2293
3442	3756
3443	240
3444	3672
3445	842
3446	3936
3447	318
3448	1879
3449	2370
3450	103
3451	339
3452	990
3453	426
3454	3490
3455	92
3456	3806
3457	2505
3458	530
3459	871
3460	2834
3461	1851
3462	3253
3463	287
3464	3093
3465	2427
3466	11
3467	354
3468	3276
3469	2752
3470	1649
3471	3280
3472	1672
3473	3393
3474	3214
3475	21
3476	2575
3477	53
3478	2062
3479	890
3480	3403
3481	1985
3482	1595
3483	2692
3484	488
3485	3236
3486	2196
3487	3972
3488	2920
3489	3213
3490	1322
3491	1133
3492	299
3493	522
3494	934
3495	2819
3496	1119
3497	3228
3498	2323
3499	3592
3500	645
3501	2876
3502	1996
3503	1196
3504	736
3505	145
3506	252
3507	2845
3508	1068
3509	1534
3510	1598
3511	1729
3512	2360
3513	3797
3514	940
3515	3054
3516	3482
3517	564
3518	2785
3519	3789
3520	423
3521	3634
3522	320
3523	2813
3524	1833
3525	404
3526	1545
3527	18
3528	1091
3529	2713
3530	348
3531	2273
3532	3630
3533	2615
3534	3383
3535	3182
3536	3958
3537	3419
3538	2595
3539	3148
3540	3009
3541	2801
3542	2898
3543	85
3544	3434
3545	597
3546	2213
3547	2083
3548	979
3549	702
3550	2750
3551	297
3552	2856
3553	45
3554	663
3555	3987
3556	425
3557	1241
3558	148
3559	2775
3560	1220
3561	134
3562	3346
3563	3610
3564	3554
3565	1949
3566	3581
3567	3230
3568	3272
3569	3350
3570	1321
3571	117
3572	3520
3573	1367
3574	487
3575	2377
3576	1663
3577	3178
3578	2887
3579	3336
3580	2236
3581	3252
3582	2187
3583	1700
3584	3175
3585	1230
3586	518
3587	1783
3588	3770
3589	1204
3590	701
3591	1628
3592	380
3593	2844
3594	3091
3595	626
3596	2923
3597	2674
3598	971
3599	456
3600	3320
3601	1445
3602	1263
3603	1906
3604	2700
3605	3310
3606	2872
3607	586
3608	3499
3609	3127
3610	675
3611	516
3612	3697
3613	3223
3614	2298
3615	1630
3616	351
3617	3299
3618	3298
3619	1788
3620	3480
3621	3305
3622	124
3623	1907
3624	835
3625	1905
3626	2620
3627	3435
3628	3883
3629	3464
3630	2460
3631	1530
3632	319
3633	1284
3634	3531
3635	3173
3636	2547
3637	3941
3638	2168
3639	3340
3640	2977
3641	532
3642	1881
3643	7
3644	284
3645	779
3646	1735
3647	2119
3648	2966
3649	3815
3650	1392
3651	293
3652	3270
3653	2734
3654	2699
3655	2117
3656	1342
3657	1235
3658	1785
3659	3119
3660	778
3661	3851
3662	929
3663	2348
3664	2171
3665	2653
3666	2689
3667	841
3668	1323
3669	1219
3670	481
3671	906
3672	1023
3673	3425
3674	3221
3675	3285
3676	815
3677	1702
3678	3012
3679	2333
3680	3087
3681	1609
3682	2284
3683	1903
3684	1510
3685	2304
3686	2757
3687	3764
3688	749
3689	1795
3690	1428
3691	692
3692	1986
3693	3904
3694	2818
3695	1146
3696	1930
3697	183
3698	460
3699	2875
3700	3388
3701	3716
3702	2606
3703	1418
3704	984
3705	3939
3706	3132
3707	1692
3708	3758
3709	602
3710	3827
3711	3849
3712	3242
3713	688
3714	3337
3715	3774
3716	3141
3717	585
3718	3010
3719	506
3720	2873
3721	1776
3722	1015
3723	1592
3724	974
3725	3513
3726	2421
3727	1790
3728	2212
3729	3725
3730	3544
3731	196
3732	3315
3733	2965
3734	1062
3735	1288
3736	562
3737	1508
3738	3988
3739	2292
3740	3083
3741	3358
3742	3288
3743	809
3744	3335
3745	1098
3746	1899
3747	819
3748	945
3749	1461
3750	1933
3751	2395
3752	3441
3753	133
3754	1989
3755	1171
3756	3601
3757	552
3758	3007
3759	222
3760	1815
3761	477
3762	1052
3763	2560
3764	1748
3765	2820
3766	1258
3767	1476
3768	86
3769	3286
3770	280
3771	2274
3772	527
3773	32
3774	2354
3775	651
3776	2879
3777	3944
3778	3548
3779	1799
3780	1020
3781	47
3782	1922
3783	3217
3784	765
3785	1642
3786	188
3787	2055
3788	3989
3789	857
3790	3755
3791	331
3792	2513
3793	2741
3794	721
3795	2599
3796	2152
3797	774
3798	814
3799	3726
3800	1055
3801	1423
3802	447
3803	3609
3804	1744
3805	3199
3806	509
3807	961
3808	2465
3809	577
3810	3163
3811	349
3812	1436
3813	3200
3814	2671
3815	25
3816	1824
3817	3081
3818	3737
3819	2971
3820	3692
3821	2525
3822	2702
3823	3874
3824	3914
3825	920
3826	558
3827	762
3828	2889
3829	1882
3830	3301
3831	1943
3832	2182
3833	773
3834	1278
3835	939
3836	3237
3837	1527
3838	2148
3839	2553
3840	1581
3841	3860
3842	3881
3843	2904
3844	896
3845	3837
3846	3688
3847	3856
3848	3308
3849	1228
3850	2862
3851	118
3852	3625
3853	1931
3854	693
3855	1488
3856	581
3857	2024
3858	3945
3859	926
3860	2346
3861	1603
3862	3447
3863	502
3864	1289
3865	674
3866	2312
3867	1853
3868	2433
3869	2487
3870	1849
3871	3109
3872	3250
3873	24
3874	3484
3875	1161
3876	1401
3877	3124
3878	3469
3879	3195
3880	162
3881	1059
3882	886
3883	1916
3884	3954
3885	152
3886	73
3887	3826
3888	2751
3889	2155
3890	1076
3891	3562
3892	503
3893	3453
3894	627
3895	3125
3896	1231
3897	2204
3898	1954
3899	1772
3900	2749
3901	2325
3902	2857
3903	169
3904	479
3905	3937
3906	2418
3907	802
3908	576
3909	993
3910	2662
3911	3122
3912	2387
3913	1573
3914	1719
3915	700
3916	3927
3917	3064
3918	3461
3919	1680
3920	793
3921	3614
3922	2592
3923	2019
3924	3635
3925	155
3926	1116
3927	2407
3928	2980
3929	2486
3930	1391
3931	1696
3932	2912
3933	3074
3934	1872
3935	2409
3936	3729
3937	997
3938	2094
3939	624
3940	68
3941	3411
3942	2616
3943	3273
3944	1039
3945	967
3946	666
3947	3915
3948	3072
3949	310
3950	1429
3951	1656
3952	925
3953	1261
3954	3870
3955	2791
3956	3748
3957	3983
3958	3152
3959	2840
3960	376
3961	2880
3962	3736
3963	1217
3964	3916
3965	93
3966	3590
3967	464
3968	2373
3969	3646
3970	3946
3971	854
3972	1387
3973	2285
3974	3886
3975	1469
3976	388
3977	1148
3978	507
3979	2122
3980	381
3981	1152
3982	3735
3983	3026
3984	2784
3985	2773
3986	1970
3987	1555
3988	2217
3989	31
3990	4
3991	1340
3992	1236
3993	3479
3994	2461
3995	239
3996	2003
3997	3529
3998	1150
3999	2459
4000	3129
4001	392