200
1	120
2	150
3	131
4	145
5	180
6	168
7	59
8	147
9	166
10	88
11	177
12	157
13	101
14	6
15	107
16	33
17	83
18	65
19	103
20	77
21	97
22	57
23	142
24	189
25	2
26	10
27	32
28	141
29	143
30	118
31	55
32	109
33	127
34	121
35	29
36	38
37	82
38	136
39	92
40	73
41	119
42	149
43	198
44	100
45	3
46	126
47	194
48	20
49	163
50	182
51	66
52	172
53	114
54	115
55	69
56	165
57	95
58	167
59	72
60	183
61	68
62	93
63	176
64	179
65	113
66	74
67	58
68	41
69	130
70	22
71	151
72	9
73	86
74	30
75	50
76	129
77	188
78	54
79	19
80	24
81	162
82	35
83	111
84	16
85	36
86	132
87	67
88	40
89	17
90	48
91	21
92	159
93	137
94	140
95	156
96	8
97	123
98	135
99	87
100	46
101	146
102	90
103	5
104	25
105	164
106	160
107	1
108	122
109	197
110	175
111	94
112	124
113	184
114	52
115	37
116	169
117	190
118	117
119	96
120	158
121	28
122	199
123	75
124	155
125	193
126	64
127	51
128	195
129	181
130	62
131	139
132	14
133	187
134	13
135	98
136	186
137	60
138	4
139	152
140	53
141	102
142	49
143	79
144	39
145	34
146	171
147	128
148	125
149	105
150	196
151	42
152	106
153	161
154	144
155	201
156	138
157	116
158	133
159	154
160	104
161	99
162	185
163	80
164	170
165	44
166	12
167	76
168	18
169	148
170	47
171	31
172	110
173	134
174	26
175	27
176	89
177	178
178	108
179	61
180	173
181	43
182	200
183	71
184	70
185	191
186	11
187	174
188	15
189	192
190	45
191	112
192	81
193	85
194	56
195	84
196	78
197	91
198	7
199	23
200	153
201	63