250
1	112
2	26
3	76
4	157
5	34
6	186
7	199
8	116
9	201
10	139
11	87
12	111
13	169
14	153
15	67
16	244
17	123
18	222
19	216
20	95
21	100
22	152
23	159
24	13
25	224
26	97
27	22
28	214
29	129
30	9
31	83
32	110
33	48
34	72
35	142
36	14
37	21
38	39
39	106
40	104
41	205
42	239
43	44
44	62
45	16
46	143
47	133
48	24
49	38
50	171
51	68
52	50
53	149
54	41
55	155
56	193
57	91
58	77
59	227
60	210
61	92
62	234
63	235
64	101
65	53
66	230
67	202
68	189
69	163
70	11
71	5
72	125
73	135
74	233
75	206
76	211
77	32
78	232
79	18
80	243
81	166
82	228
83	208
84	136
85	60
86	172
87	250
88	183
89	144
90	15
91	70
92	247
93	184
94	161
95	52
96	197
97	181
98	54
99	198
100	249
101	177
102	82
103	225
104	240
105	103
106	126
107	57
108	134
109	162
110	175
111	145
112	64
113	187
114	69
115	107
116	215
117	20
118	154
119	241
120	141
121	190
122	188
123	3
124	90
125	124
126	182
127	105
128	212
129	17
130	223
131	213
132	203
133	245
134	180
135	10
136	156
137	122
138	200
139	74
140	109
141	79
142	204
143	12
144	49
145	85
146	194
147	80
148	19
149	56
150	71
151	167
152	86
153	58
154	146
155	55
156	246
157	209
158	160
159	37
160	132
161	25
162	226
163	217
164	165
165	59
166	196
167	35
168	119
169	127
170	168
171	176
172	137
173	7
174	84
175	158
176	88
177	170
178	51
179	73
180	93
181	28
182	2
183	207
184	75
185	42
186	23
187	229
188	113
189	4
190	248
191	174
192	251
193	138
194	36
195	236
196	238
197	195
198	173
199	218
200	27
201	130
202	151
203	94
204	30
205	120
206	46
207	81
208	221
209	1
210	31
211	242
212	147
213	66
214	114
215	150
216	219
217	47
218	148
219	78
220	108
221	237
222	40
223	102
224	178
225	115
226	164
227	118
228	128
229	63
230	131
231	33
232	45
233	89
234	192
235	99
236	65
237	29
238	179
239	8
240	191
241	96
242	98
243	117
244	121
245	220
246	185
247	43
248	140
249	61
250	6
251	231
