2500
 510  3198
1414  2367
4439  1676
4947  1814
1753   447
4962  4315
 177  3168
 348  4946
4851  1713
 834   780
1432  1429
1822  2017
4507  4449
2117  4025
1995  2678
3301  2986
 282  4402
3434  4238
1839  4192
2602  1350
 162  4742
3279  2409
1627  3059
  97  3223
1911  1318
 868  1767
1748  4123
1203  3944
2078  2969
 924  4235
2259   426
3965   627
4666  4699
4337  3384
 417  3532
2180   534
  99  3427
3283  4459
1828  3259
4102  3495
 301  1254
2095  2587
 471  2859
1302  2130
 880  2920
4101  2490
 704  1993
4227  3074
 907  2455
 254   325
2801  2758
1369  4351
 197  3189
4893    90
3378  2206
3354  2706
2070  4839
4325   434
1343  3873
 548  3445
4246  4787
3894  1198
 994  1376
4475  4183
4736  4389
4099  1607
 381  4891
2226  2662
3725  1696
1232  1698
2605  1955
1441   234
2812  4036
3381  3670
1171  2305
1579  2429
1803  1726
 213   853
 815  2037
 750   319
4632   722
2722  1423
3149  3728
3395  4231
1604  2594
2230  3014
3079  2327
1327  1439
3756  1259
4587  2529
  84  2923
 857  2998
1354  1769
3493  4260
2257  4915
1131  4043
3337  1260
 809  2489
2030  1366
1628  3428
1352  1844
 721    36
1522  3561
4007  4615
3018  1575
1065  1166
4749  1826
   1  4019
  50  1981
3067  3775
1091  3562
 855  2519
4428  4070
3311  3696
2229  3636
2704  4437
4955   375
3336   670
3150  3248
1387  4365
2064  2674
1396  3412
3524  4263
3433   538
2979  2592
 570  4204
4687  2314
3793  4855
1841  4751
4230  4993
1902  4209
3624  4188
2803  3438
2274   925
3598  2094
2702   541
3435  2509
2739  1000
2138  3640
2403  3182
 299  4368
3785  4759
2307   972
4625  4984
1928  2151
3587  2987
4047   532
1505  1340
4548   470
2922   675
 737  2041
1186  3304
4362  3256
 365    15
3549  2280
2642  3689
1402  4251
1615  4079
3531  2158
4631  3462
 852  1168
4776  1072
 542  4679
4719  3798
2140    17
3468  3460
4992  2296
 624  1188
2167  3567
2377  2700
2287  4483
1170   431
2093  1397
3980  2306
2240  3166
 946  1922
1483  4243
4076  3780
2827   106
4995  3136
 491  3987
2106  1223
3349  1552
2033  4971
 792   366
4875  1357
4589  3320
 459  2570
4976  2559
4905   772
 509  4330
4167  1794
3581  1779
3585  2009
1431  1584
 540  2498
2929  4919
3942  2717
2008  3875
3443  3836
1179  1665
3482  1022
3623  4506
3722  3042
3230  3356
4593   456
 168  4888
 257    46
4472  1026
3028  1136
3880  4197
 244  3938
 731  2179
3407  1334
3343  3215
3335  4045
1598  3998
2774  4152
 376   352
3068  4305
1850  3344
3630    45
1150  2759
2838  4145
 543  2636
1215   480
 364  3053
3315  2727
2356  3479
3790  4476
1699  3928
4683  3960
2088  3762
  64   271
3355  4556
 836   609
3456  4852
 782  2847
2325  2538
1315   279
  96  3123
2342  4942
3142  3821
4035  2079
1764  4221
2056  4642
3156  2507
3681  1378
1863  1926
1338  1744
4843  2663
2137  2755
2609  3855
2114  2547
3752  2046
1810  3115
4766   289
3005  3607
2352  2015
1099  1027
1675  1905
 145  4941
 226  2263
4895  4492
3633  1113
3786  4712
 123  3820
2831  2213
3113  1790
4748  2782
4960  3536
3887  3982
2233  3711
4321  1291
 446  1745
4670  4198
2887  3364
 708   114
4426  3449
2731  4306
3334  1399
 324  3032
2569  1673
2428  3746
4918  3278
3153   611
4908  1207
1326   383
4661  3082
  25   302
2471  4848
4579  4920
2959  2118
2534  3755
4488  3487
4546   108
2044  3359
1161  2065
1159  4865
4208  1526
1723   190
   5  4902
3127  4021
4151  4951
 808   589
4268  1036
3411  4436
1934   297
3537  4601
2292  4013
1876   896
 567  2297
1538   556
3383  1426
3114  1939
 386  4258
 246  1364
  72   859
4620  4580
1225  3313
1931   472
1774  2021
4341  2601
 755  2100
2648  1957
2997   159
2976  4543
 449   155
 666  2393
 460  3512
3070  1122
3505  4312
 981  3092
1549   930
1940  1466
2141   673
4283  3240
4304  4309
 266    87
 539   423
 193  3437
1438  2255
3529  1743
4640  1473
3186  1383
4953  2012
3993  4607
 771  3822
1071  1585
3367  1737
2525   194
2610  4098
4702  1440
2385   571
3268   820
 139  4583
 336   311
3080   604
4111  4280
1701  3712
3678  1389
3228  4854
2432  3518
1792  4252
2143  4724
4922   396
1454  2264
 801  3161
2808   400
 889    69
  33  4054
  42  2168
4528  2192
 655  4554
 474  3557
1740  4415
3001  4491
2421  3642
4997   988
2793   916
4806  4795
 300  1134
 848  4407
1646  4292
1682   663
4130   730
3483   189
2798  4042
 502  1420
2999   936
 913  4093
4520  3580
3849  4931
3374  1859
4977  4144
2938  1433
1680  4190
3781  4275
 656   219
4081   209
 817   842
4050  3787
3620  1264
2741  4335
1581  4590
2732  1974
3591  2439
2380  1258
2753  1346
1075  1982
4136  2148
3763  3612
1619  3682
4210  3133
 524   136
1180  1600
1492   653
2730  3297
3415   195
1382  1569
4716  2737
4142  4804
3232   330
4270  4094
4927  2092
3379  1768
  74  2736
1644    35
2464  4382
2010  2026
4857  2298
2465   504
2773  2242
 187  1320
 744   247
 693  3574
3823    78
 684  4356
2159  1421
1268  2763
 709  3244
4849   130
1256  3124
  55  3480
  83   296
3692  4889
 546  4943
3573  2348
1196  4464
2419  2258
 680  2524
1789  2970
2359  1144
  92   746
4349  2747
4423  4847
3217  3973
2361  4693
2578  1889
1883  3629
 931   166
3393  2043
4265  2813
1282  1031
3519  3002
4461  4114
2620  1301
 477  1428
4950  4297
2121   522
4262  1684
1319  4022
3812   845
3595   790
3818  2868
2661   412
4466  1986
4105  4929
4786  4562
2711  4813
4147  1536
1062  3656
2028  3141
4885    81
2733  3745
1448  3748
1173     3
2045  3831
4266  3135
3172  3539
1085  3491
1855  2698
2210  3281
1287  4086
1568   805
1541  3888
4894  1659
4660   415
4734  4052
1120  2014
 799  1408
 778  1456
4671  2541
4278  2699
4711  3816
3709  4773
1218  2188
1987  3247
2456  1762
2162   103
2824  4215
4232  4586
3370  2500
2069  2953
2866  3037
1482  2323
4681  1754
1243  4414
4868   392
 269  1622
2227  4200
2284  3707
4867  2013
 323  3964
 888  1664
 581  4527
3795   554
 953  4247
1078  1253
4910  1271
3917  4781
3140  3218
2937   595
  49  2452
3859  2146
3946  4419
3207  3638
1284  3432
3840   922
4982    47
2478  1545
1927   633
2884   304
4972  1531
2123  2860
4044   175
3077  1801
4990   363
 770   261
  27  3312
2556   851
1365  1857
 904  2977
2806  4380
 874  2105
 785  2653
2335   621
4785  3622
 478  2302
3597  1611
 860  4236
4566  2818
1691   367
1697  3601
3221     6
4141  4651
4497  1177
 217  3294
 723  1869
3316  1185
1064  4710
3145  2823
1609   579
2283  4578
2171  1700
4880  3237
2260  4545
3651  4502
1798  2319
4636  1960
2501  2856
2053  1419
4039  2910
  37  4435
 607  3425
3522  2404
 199  4999
3912  2550
  32  3625
4974  3345
3560  3691
2468  1824
4172   600
  28  3317
3694   978
4241  2142
1004  3446
2061  2548
1910  2058
3868  4571
 498  3555
4027  3878
  63  4591
4731  4901
3810  3936
2166  2943
3663  2710
2585  4294
3160   783
4682   669
   8   344
2071   148
1370  4299
2995  3737
3717  4600
4399  4085
1807   167
3421  1560
3757  1348
1895  1873
 475  1305
4800  3802
3442  2454
1139  2311
 819   728
4897  2890
4180  4940
4103  4125
1451  3671
1461  3950
 283  4484
1819  4216
3542  3679
3572  1463
4489  4513
3759   486
1100   700
1759  3890
1773  1990
3921  1885
4842  2571
2713  3392
1653  3214
4676   871
2219  4721
3253  1561
1385  3649
4308   688
2830  2451
1216   687
2855  3057
3314  3576
 803   402
1467  1914
1413   231
3107  4538
3388  1174
1033  1616
1709  2368
1024  1832
1722  3833
3163  4740
 866  2835
2690   598
1576   536
2126  4606
4040  2797
3593  4090
3724  1952
2582   284
2413  2680
3832  3439
4928   766
1542  2954
3497   769
 617   306
1152   411
1009   606
1613  1475
2239  2882
1868  4746
1559  2422
1823    94
4770  4347
5000   263
 956   793
4206  2631
3886  2688
4775  4646
4765  3515
 649  1970
3526  3199
1285  4890
4896  3635
2689  4623
3558  2967
3210  3686
2391  4126
4526   230
1391  1924
 777  3854
3284  3096
 774  1603
1821  3012
3931   951
 313  2657
4745   235
 918  4249
 526  2964
 927  4486
4533  4162
3340  4338
3321  3641
4949  1061
1050  1528
1392    71
4772  4290
3506   182
 533  2912
4026  4761
4829  3869
4176  2125
4914  2310
 128  1012
2667  1037
2829  2975
  21   362
2270  3918
 295  3203
2089   117
 623  2676
2484    14
2872  1951
2190  4153
4213  3260
2994  4465
2716   555
4373   251
 457  4619
1393  3386
4637  3236
 331  2942
2122  1363
 458  4994
1973  4685
4107  2867
4975  1586
1117  3652
4881  4657
 461  1669
1617  2751
1063  1635
2933  1002
3420  2198
1298  3246
 672  4082
3766  2760
2481  1781
4900  3927
3867  1403
4381  4006
2697   697
2784  3983
1490  3952
 420  1344
1688  1862
2875  1436
3238  2839
1652  3726
4937  3654
2057  1053
4282   137
 388  4331
1137  1880
1787  1193
3111  2517
4421  2354
1770  1049
1782  1537
1608  2978
3062  4869
4409  4379
 479  1520
2622  2988
3353  4675
3455   409
3233  1932
 501  2939
 384  1442
1657  4481
 144  4784
4226  2265
3533   995
3856  4281
2621  1996
1516  3006
1577   740
 664   252
4171  2426
 317  3184
2820  4913
3803  1221
1985  4879
 710  1084
1639  4725
1381  1158
1661  1277
2898    34
4817   971
1016  4203
4062  1306
2266  3892
2075  4521
3061   171
2752  2819
1618  3613
3846  2889
2757  2392
3050  3332
 830  2029
2467  2515
4604  4242
3177  3552
 138  2349
 899  4553
 124  2675
 767  2743
3853  1329
1820  4317
3205  3101
3325  4429
4627  3036
1133  4760
2683  2285
2493   105
3262  2174
2858  1887
4708  4723
  22  2996
2132  1702
1532   275
 133    85
4077  1854
 965  1028
4174  1485
3183  3577
2906  3143
2194    70
 892  3545
1244  3267
1496  2353
 126   237
1946  1809
4508  1843
 228  4066
3170  1870
2212   565
2411   569
 825  4157
2945  4138
1197  4031
2917  3588
3546   891
 960  1907
2873  2590
  68  2379
4517  4383
2252  1295
1096   695
2386  4313
3472  1472
4621  2799
4448  2120
2376  4874
2355  4460
1757  1279
3287  3817
3194  3777
1121  1766
4916  2018
2407  3473
4887  4071
1642  2482
1632  4170
2572   992
 378  1897
4691  1368
2479  1797
3825     4
2596  1717
2828  1776
3496  3208
1297  2107
4936  2191
 445  1999
3405  3219
4978  4207
 339  4388
  86  4369
 986  4073
1915   303
2436  3015
1556   561
4638  2616
2469  3369
1518  3358
4237  1430
2991  4259
4519  1891
1671    31
2279  2024
1847  2449
 489   870
3277  3447
 969   707
1398  1123
1979  2575
3668  4225
3486  1128
 786  3639
  18  1637
 250  2804
3273  2431
 132  3634
4431  2394
1471  1395
  29   430
4688  4334
 738  1980
  60  3730
3956  2113
 967   276
3801  1187
4822  3511
2952  4457
3664  3397
 345   174
1192  4771
 135  3569
3683  1933
 370  4444
3889  2023
4658  3631
1107   488
2811  2558
 683   751
2957  4892
4091  3600
 397  4596
3016  3590
2682   310
 545   985
2580  2961
2084  4597
3211  3661
 779  4610
1457  1879
2458  1038
3830  3400
4669    20
1654  3657
1816  4328
 530  1765
1756  3084
4797  3239
 975  1917
 382  1293
4799  3242
1251  1213
4810  2576
1886  3350
1530  1163
4406  3647
4996   287
4802  2832
3935  3289
1437  4838
1224  1913
 238  3310
1555  3399
4048  2442
2901  4989
2474  2566
1336  1506
 552  3862
2441  2766
1479  4509
3394  2006
3805  3739
2063  3765
 216   464
 506   917
4089  4471
4339  2588
1330  4245
3100  3528
2332  4713
3882  3851
2072   368
 202  1941
2397  4440
1751  1142
2603  3257
4124  1239
 703   253
4569  3098
4303  1694
3331  4540
3090  2165
 403   240
3324  1971
3883  1208
2153  2139
 620  4816
4248  4599
1476  2395
4064  2217
 753   264
3467  4033
1425  1729
3932  2047
3902   116
4301  4191
2289  2073
2128  3778
 720  1558
1695  4056
4447  3413
4958  4131
2281  1017
1130   952
 393   406
 626  4904
 405  1458
2430   712
1250  1057
1067  3800
 572  1949
4805   535
4139  3596
2466  1356
 678  1964
2520  1802
2834   618
3799  1045
3417  4473
2459  3373
 878  1599
2586   906
3564  3716
4169  3837
4087   632
4106  3966
4474  1977
 153   380
4514  2916
4129  2320
 789  2211
2099   674
4202  4350
2864  3138
4370   127
3985  4524
1355  2935
1543  4873
4279  2553
2701  3667
3155  3782
2894  1228
4818  3326
2448  4432
3770  3204
4113  2389
3451  4585
3742  2707
1742  1500
2417  3224
3687  2779
3544   741
1478  1718
4551  2220
1656  3192
3605  3308
 941  4272
 719  1184
3857   181
1299  1853
2424  2787
2936  4613
 879  3702
  56  4354
1249  2984
3086   854
2960  3023
4572   163
3768  3466
1101  4277
1587  3571
3175   590
2742   212
 379  2050
2669   949
4547   908
 605  3258
3060  2201
3209  2001
3464  1623
1255   516
2176  2522
3566  1281
3063  2433
 288  1164
4968  4384
1160  3666
3970  1643
3700  4981
 337  1984
2526    62
3619  3933
4205  3307
 436  1693
3509  3040
 876  3450
2944   241
2893   877
1630  2267
2312  2775
1563  2744
4824  2129
2518   833
2453   265
3465  2496
4256  2382
1992  1961
2726  2330
2822  3476
3568  1015
 134   185
3444   781
 487  2537
2599  3864
3206  4468
 183   910
1242   467
2080  2440
3510   191
4532   898
 519  2768
 104   161
2145  1411
2135  3011
3527  1666
3870  1689
3076  2477
3891  4662
1658  1874
1435  3547
1312  4684
3130  2796
4060  4581
 807  3788
 308   180
4932  3241
2163  3648
4602  1367
1361  1400
 682  2098
4127  2293
2248  3551
  11  1082
1796  2225
4396  3937
1212  1035
3144  3266
 493  1407
3134  3093
 804  2993
1925   268
1954  3213
2516   229
 523  4707
4755  1899
2650  3616
 496   109
4140  4633
3850  3085
4286  3975
3986   950
 736  1871
 371   305
1176    44
1307   838
 385  4779
1612    23
3471  4649
 699  3659
 553  4769
2111  4046
2470  3110
2672  2749
4352  1341
1546  4801
4038  1852
1724  2948
3582  2365
1089  4438
2532   270
 573   856
1593  2025
4318  2853
1966  4416
3920  3220
1227  4701
  16  3967
4470   816
3548  4109
3958  1668
4059  3357
3794  3043
3452  3732
3807  1750
2334  2224
4907   827
4944  4371
4668   151
 954  1521
2914  3126
 735   768
3013  2729
1510  2150
 333  3306
 328  3361
 701  4377
1747   977
3147  1988
4501   646
4336  2665
1331  2932
1799  4714
 811  3779
4161  3132
1183   440
4410  3669
2555  1360
1963  2294
2992    57
2081  4737
4010   718
2067  2375
3834  1165
3245   761
 518   463
4233  1450
4333  2488
 437   110
1469  4634
3365  1211
1372  4618
3251  1229
4274  2878
2718  2082
2042  3454
1321  1582
1733  4841
4009  1904
1487  2521
2347  4616
 944  3185
4193  4300
3776  2275
  75  3609
3066  2972
3684  2450
2947  2728
3176  3602
4930   933
4692  1930
2644   558
2552  3299
 178   225
1715  2651
3949  2617
3606  4096
1592  2542
4029  4998
 619  3322
4720  4505
 939  4189
3375  4143
2336  2020
 294  3948
4858   592
4988  2048
1711  4454
 170  4655
4163  2848
2841   612
 233  3791
4003  4698
2186   158
3984   550
 243  3252
3736  2795
2178  1712
4695   418
 729    30
1800  2109
1614  1641
3293  2694
2473    19
3414  4463
 427  1464
1625  1283
4774  4686
2363   157
4404  3961
2965  4643
 455    73
2946  3216
2486  3410
  51  3009
2786  2427
 717  2849
2483  3159
 659  2221
2398  3704
 359  2438
2228   637
1098  4964
3760  1220
2503  2491
 122  1388
1412  4741
1791  2207
1018  3165
 724   798
 662  1687
3994  3478
3330  3275
2712  1763
 694  4812
4856  2545
1567  1325
4276  3385
2633  2068
3342  3645
 806  1808
1125  2807
 142  1565
3881    65
3347  2641
3753  3188
1901   205
4515   823
1507  2837
3893  4844
 711  4217
1736  4424
2904  2085
1074   223
 315  2658
4353  1890
3740  2177
4273  3698
 743  4446
3488  2794
4445  2396
 224  1945
4626  4083
3000  4598
2256    98
3094   544
3229  2091
1755  4219
 660  1772
1039   343
3045  2346
1090  3323
 505  1245
2414  2527
3858  3885
2282  3227
2563  4558
4391  3502
3913  3104
4840  1908
1351  4405
3234  1950
3963  3550
4573  2090
1014  2846
3924   810
4181    26
1261   291
4342    88
3741  3020
4229  4112
4173  1760
3459  2715
3772   677
 186  2637
4442  2756
4401   887
1550  2565
1076  4348
2618   900
2241   862
2181  4100
4298  1342
3249  3507
1377  4603
3954  3797
 872  2262
3021  4253
2022     9
2695  3017
2745   667
1484  1805
4963  3366
 791  4418
2623  3498
3007  2928
4768  2446
4973  1073
1267  2250
 773  2982
1958  4674
4783  4956
4747  3372
1784  3972
4945  1410
1845  2645
1976   594
 156  1727
3838  2418
3658  3632
  95  3477
1878   551
 214  3448
 563   147
  59  4609
2862  1509
3852    79
4730  1422
1108  2989
3250  1504
4158  1116
 574  4717
2157  2871
 566  1489
1349  2321
2981   452
1942  3108
3521  2659
1831  1126
3424  2597
4828  3981
2381  2060
 864  4696
3804   374
3038  2903
3900   322
 515  4255
4523  3106
4194  3112
2357  3688
2583  4560
1409   439
 661  3431
 934  2746
4456  1415
 657   641
3231   929
1270  4395
3930  1564
2656  2908
4909  2593
3517  3097
3695   450
2523  4807
1494   938
 404  2156
4525  2789
4088  3968
 608  3418
1638  2444
 220   490
 602  3457
2035   764
2164  3065
2102  3169
1020  2443
2913   290
4150   998
3270  3295
3962  2646
1311  1248
4536  2326
1445  4261
2172  2371
 245  3592
2956  4222
4361  1379
3179  1732
4307  2554
4104   242
4680  3999
3371  2926
2317  3969
1571  4512
4979  4605
2628  4137
3563   492
2339  2815
1023  4329
2083  2640
3672   788
2341  1266
2322  4000
 802   443
3047  4005
 407  1080
1359  4899
 942  4011
1936  1892
3054  2000
3713  3064
 165  4518
2119   441
 448   747
 702  4859
 748  3396
4733   483
3747   372
4650  2852
1353  1707
3109  2195
2927  2343
 875  2412
 821  4015
2077   902
3055  4289
 260  4364
4155  3643
4820   169
3129  2907
 679  1109
  76  2941
 706  4269
2681  2364
3406  1645
 689   940
2625  4608
3977   469
 259  3148
1093   839
 206  2472
1314  1918
 883  3348
2734   422
1247  2480
 921   500
4678   733
2905  3125
4420  4938
4948   973
2400  3784
2843  4985
2278  3699
4385   622
2705  4357
4832  4068
4058  2771
3733  4480
4323  1059
1512  1670
3626  4559
1167  3504
3291  4479
1596   369
1499  2040
1453  2772
4450  1477
1738    54
4115  3947
4744  2783
4703  2495
1943  4178
4084  2842
2692  1462
 101  3263
1119  1741
1624  1275
 277  3095
4028   416
3953  1663
 495  3300
 628  2324
 466  1523
3685  1465
1649  3352
2197  3235
 293  1888
1877   996
2649   696
2865  3474
 395  1290
2134  4530
1019  2921
2173  1233
2499  4752
 958   198
4624   262
1262  4430
4504  4550
4715  1371
1589  2383
3829   358
1135  2301
1296  3461
2955  4411
 355  2187
4815   897
3906  3146
4645  3292
4763   847
 762  1944
4057  4063
1300  3333
4218   354
1539   258
 828  2487
2863   232
2950  2497
3328   578
3534  1079
1394  4706
2769  3939
4250  4485
1705  2854
 394   586
4487  1094
2591   179
 419   759
3839  2086
3673  2268
2036  1846
 390   528
1903  3611
 863   272
2934  1818
1151  1786
 438   858
4187  4220
1138     2
4652  1788
3485  2817
 481  1347
3197   795
3792  4049
2182  1322
3719  4295
 334  1626
4537  4622
3610  4061
3997   613
1280  3676
4826  3879
2876   635
 734  3362
4168  4378
3490  1189
2724  1503
1856   796
  13  1238
1328    91
2127  3083
 937   503
 140   425
2149  3329
2598  3907
4872  3579
2567  3117
1172   203
3201  4750
 955  4552
2372   152
1758  1554
3276  2247
4427   281
1580  2366
3608   531
4926  3318
3761  2634
3783  2299
3992  2074
 564  3662
3475  2475
4850   714
2199  3073
 849  1205
 559  3008
3118  1620
 831   984
4228  1953
2696  2595
4980   970
3809  4925
3525  1514
4819  2222
2891  2253
1969  2869
1153  4673
1406   616
2445  3305
4034  1825
 320  2272
 648  1562
 188   577
4095  4008
2406  3422
2615  1864
2295  4375
1972  1143
 562  4322
3896  4837
 115  2214
1047   377
4390  4935
2606  1068
3796   726
2638  2276
1511  2564
1861  2574
 582   647
2790  2568
1323  1175
4224  3024
  43  2931
3874  2384
1191  2613
4455  2510
1806  2850
4629  3481
3861   705
3261  1894
3409  3398
3895  4503
1263  3051
1292  4355
 794  2512
3617   485
4132  2983
2003  4257
3137  2514
4288  4394
1956  2344
 184  4557
1066  1246
3089   893
3500  4878
1416   351
4756  1003
4871  1081
2721  3193
4494  1178
2770  4729
3842  4767
4500  3603
2536  2720
 312  4644
1235  1588
4408   690
2612  3715
1199  1540
 575  3847
3069  4196
1997  1474
2051  3866
4120  2777
1145   410
 208  4575
2719  2027
2619  1749
1595  4469
2370   947
1241  1849
 112  2671
4641  4821
3440   389
1734   349
4271   640
1155  2243
4154  2059
3303  4792
1884  1112
3738  3376
3225  1498
1390  1202
2833  4412
1025  3122
2963  4462
3298  2108
2579   840
4864  2607
2925  2685
1095  2249
1219   346
4561  1935
2951  1534
3105   968
1775  3570
2131   327
1998  1309
4345  2416
1230  1728
3173  3813
 911  1929
3841  1833
3035  2184
3158   413
3884  4072
4656  3056
2087   630
2202  1840
4075  3863
2962  3690
3302  1706
 601  2463
1114  4199
3996  1906
4017  1046
  82  4594
 255  1761
4332  4211
2883   671
3594  3771
3003  3492
3402  1333
1527  1771
1470  2492
3530  3556
2909  1447
2251  1777
3162  2054
4789   914
1574  2223
3033  4709
 525  3503
 800  3644
1842  4254
 529  2460
 909  2410
1881  4166
1417  1044
1141  2066
1909   484
4595   645
2788   739
 172  2504
4612  4921
4451   401
1459  3116
4122  4635
2918  3615
 444  3339
 894  1865
3767  4814
1725  1274
3513  1867
3346   881
3721  1401
3120  1444
2826  4611
 207  4116
4836  4496
3614   360
3171  4628
1056  4135
 901  3404
 173  1087
  67  2714
4835   373
1667   873
1678  3919
1105  1679
2170  4067
2805  1127
1872  4244
1051  3941
3675  4358
2725  1804
1194  3589
3128  3945
4588  2420
2626  2425
 347  2870
 499  4434
1655  1636
3272  4499
3995  4863
4051   454
2814  3099
1533   999
 218  1834
2666  2679
4654  3925
1795  3674
4823  4764
3951    53
 141  3584
4791  3152
4293  2019
 822  2639
4690  3735
2968  4549
4563  3470
2271  3750
4433  1234
 926   625
2652  4367
 121  2461
4825  4110
2218  3940
2303  3827
 222  4886
1508  1375
4316  2778
4884  2378
3923   974
4319   698
2360  1118
1551  4359
4541  2245
1921   585
2880  2155
2589   118
1785  2845
 895  2900
3419  4565
3029  4617
3178  3154
2673  1994
2684  4665
3808   636
1043  1278
 732   841
2244  2879
1060   869
3909  4012
  93  1086
  41  4911
2238  3959
 113  1236
1501  3121
3583  1162
1455  1052
3423  4986
1519  2647
2686   131
3499  3751
 353   989
2388   651
4577  2792
1008  3559
 797  3731
 249   429
1893   603
1731  3296
1154   514
3655  4069
4498  3769
 111    77
 192  3957
4574  4403
2215  3701
4386   959
1967  2851
1692  1201
3865  1989
4870  2643
2423  4149
1900  4024
4539   421
3368  3429
 832  1110
3187  3508
1685  4287
 997  1384
4397  3653
4991    24
4969   576
 846   890
2857  4441
1848  3200
2735  4467
2874   494
 715   725
4753  3979
1597  1041
 903  2781
4453  3627
4291  2533
3727  2313
4175  3697
2761  2754
2915  2232
3030   200
3274  4267
3408  2277
 923  2183
4834  1594
4037  4912
3934  3876
4584   634
2896  4861
4697  1720
 826  2546
2104  3282
1515   643
2800  1182
2635  1209
1029  3416
1222  2193
3911  4966
2604   980
4014  4493
4346  2949
3226  2780
  52  4159
 629  3553
 982  2687
4924   256
1920  1817
1481  4987
1896  3387
4555  2540
2764  3819
2723  4726
4728  2816
4186  3828
1013   227
4564  3744
4803    80
 596  2096
2358  4704
1544  3729
1983  4134
3520  3618
4400  3022
1660  1034
 757   588
3826  2329
2562  4053
 835  1965
1497  2630
4320  2577
 837  1912
3103  1054
 537  4961
2892   784
3835   593
2235  2895
2785  2511
2304   298
4023   341
3578  1058
1837   824
1069  2318
3910  2216
1362  2405
1452  2387
 829  2573
 280  3501
3010   818
2101   583
2930  2985
4794   512
4443  2750
3430  3071
 865  4664
3139  3604
 497  2973
3338   884
 886  2902
3904  1169
 387  3280
3706   591
3978  4732
1875  2203
 993  2160
 658  2748
 350  1149
1968  1602
2551  2110
 685  2632
1672  3382
3034   507
 920  4694
4853   776
  40  2390
2966   760
  61  1648
3743  1237
4018  4788
   7  3264
1217   204
4576   267
 775   517
 665   568
2200  3254
1317  2288
2600  3714
3976  3190
3052  4376
3075  4777
3265  3971
2958   119
3327  3845
2374   468
4490  4002
1548  3773
1631   318
  58  2316
2269  1148
 964  3484
4020   508
4214  2254
4284   100
2112  4906
3004  3390
3749  3871
4758  3901
1640  2169
3049  3389
2738   813
 527  4735
1948  1746
1975    66
1752   928
2209  1838
2549  4531
1634   332
3734  1830
 273  3131
 812  4845
2333  1572
1092   932
1535   692
2004   309
3403  4324
4959  2791
1303  1486
4392  3723
 342  1730
2825  1835
1714  2888
2133  2885
1793   919
3363  2924
 650  2881
 143  3758
3990  1210
1339  1146
2236   597
2016  1851
2196  2309
3243  3191
4340   962
3844   432
2049  3288
3665   329
3360  4860
4647  3903
4065  3167
3458  2919
3181  3516
 278  1214
1272  4952
2408  4903
2115  2508
1898  4296
1647  4495
3565  2668
3523  4739
3078  2980
2401   248
1836   326
3989  3195
1195  3905
2476  3026
4425  1132
1513   915
2011  1190
 465   462
2116  1677
 428  3174
3441   716
3943  4718
 154  2627
1005   765
4055  3025
 882  1048
2708  3269
3202   867
2971  3599
2136  2535
1601  1106
4201  1308
 102  3351
4798  4970
4790  3027
1088  1418
3538   211
2331  3469
1882  2007
2611  1070
3710  3705
4648  3377
 745  1606
2655  1739
3180  4326
1916   945
3660  3019
2765  1783
4097   752
1010  2528
2629   787
 814  1156
2286   236
2002   638
1812  4264
4366  1866
 357  1316
1525   763
  48  3426
 584   442
2032  4542
3212  4754
1991  4630
 961  1502
1681  3554
1181  3489
 935  2124
1011  1042
3543  3646
1591  1424
3908  2844
1858  4954
 435   221
2821  1380
1978  3586
3286  4983
2802  3914
2369  4184
4898  3535
 239   129
 356  4185
2337  1962
 476   990
 843  3703
2709  4522
4582  1273
 668  4080
4827  1827
4833   979
4663  4092
 610  4417
1386  1721
3271  2447
 414  1206
 473  2189
2208  1815
1269  1493
3058  4535
2762  2402
1335  1204
3102  1491
 210  1780
4510  1460
2776  1703
 146  4016
3157  2940
3222  1097
4796  3708
3401  4117
3453   338
2581   983
2338  4413
3764  1578
 286  1124
2703  4285
4876   691
3872  4234
3044  4482
 149  2584
2670  4923
4778  3843
 453  2103
2144  3824
 547  4311
2237  4933
2055  1590
4146  4866
1324  3916
 615  3319
4653  1332
  10  2052
4877  2434
4700  3031
2328  2502
3897  3541
 681  2974
1650  2624
3637  2205
 285   742
4659  2300
1947  4727
3046  2399
4177  4165
4148  4516
1337   639
4327  1032
 599  1443
1446  2861
4422  1257
 399  4310
2560  4738
1276   948
2840  2437
2273   433
2457  1811
3039  3575
 754  4041
1288   976
 408  3436
3088  2810
 451  2654
 644  4809
3811   966
1294  1040
4393  2231
 513  1102
4743  4179
2660    12
2097  2415
3048  3309
1115  1583
1937  4133
 215  4808
 963  4001
2291  4240
1566  4934
3860  1716
1289   631
3041  1610
1358  2911
 316  3898
2039  1265
3514  3087
1374  4374
2351   321
 987  4831
1104  2290
1529  3285
 340   107
3463  1007
1006  2494
1373  2506
 125  2350
2767   756
4372   749
2034  2031
1140   274
 160  4387
 164  2691
2531  4534
1621  1480
3341  2897
1570  1310
4128   201
2462   292
  89  2246
4452   614
 361  4544
1633   560
1286   652
2261   912
3680  4343
 991  4004
 521  4811
4957  4032
4477   943
 391  3621
4363  4639
1629  2836
4782  1304
4677  1488
3151  3290
 713  3628
1829  2614
3789  3929
4883  2809
3391  4118
2561  1021
4195  2539
3754  1674
 307   314
1708  1055
4722  2175
1449  2005
4568  1001
3718   482
1860   580
1147   758
1252   642
 557  1605
4882  4917
2373  4862
1157  4965
2677  3974
3899   727
2154  3922
1240  1129
3196  1495
3650  4223
1313  4846
 885  4762
3494  1405
1704  1919
1517  4793
3926  4360
4398  1083
1434   850
3955  1231
4108  2544
2161  3540
3693  2877
 398  1690
1345  2062
3677  1547
4458  4529
2362  4511
2204  4182
3806    38
2308  2543
4567  4780
2340  4302
3164   511
2693   861
4030  2152
1111  3380
 424   686
2485   587
4570  2664
3720   335
4074  3814
4314  1468
4757  1923
2185  2315
3774  2345
4689  1103
4121  3877
4478   905
3255   676
4830   549
2234  1030
1778  1662
4592   844
1683  4239
1553  4967
1959  1938
3988  2557
2740   520
4156  2886
1813  4160
1719   196
2076  1226
1735  3991
4212  2530
1077  2435
1710  1200
1651  3815
2038  3915
4705    39
4939  2505
1404  4078
 654  1557
3091  2147
4672  4614
 120  2990
 150  3072
 957  4667
 176  1524
3119  4344
3848  4119
2608  2513
2899  3081
4164  1686
1427  1573