750
1	669
2	624
3	324
4	586
5	418
6	171
7	294
8	622
9	359
10	241
11	242
12	172
13	145
14	186
15	481
16	163
17	103
18	67
19	674
20	64
21	385
22	138
23	252
24	431
25	504
26	633
27	106
28	492
29	226
30	392
31	244
32	36
33	196
34	379
35	276
36	440
37	421
38	83
39	277
40	70
41	419
42	311
43	174
44	46
45	208
46	237
47	405
48	485
49	120
50	584
51	382
52	647
53	524
54	585
55	147
56	269
57	707
58	340
59	118
60	745
61	305
62	319
63	569
64	488
65	493
66	234
67	403
68	613
69	704
70	411
71	449
72	615
73	13
74	330
75	149
76	424
77	508
78	463
79	352
80	350
81	748
82	90
83	125
84	353
85	33
86	39
87	299
88	535
89	525
90	654
91	465
92	130
93	571
94	432
95	666
96	646
97	111
98	518
99	409
100	303
101	63
102	318
103	577
104	289
105	5
106	603
107	557
108	511
109	534
110	117
111	604
112	461
113	664
114	146
115	637
116	550
117	131
118	628
119	739
120	315
121	631
122	530
123	25
124	590
125	428
126	152
127	425
128	162
129	651
130	730
131	297
132	261
133	710
134	476
135	364
136	109
137	121
138	605
139	699
140	69
141	144
142	203
143	178
144	301
145	438
146	79
147	329
148	737
149	486
150	537
151	717
152	489
153	286
154	284
155	51
156	321
157	386
158	105
159	212
160	48
161	521
162	554
163	17
164	570
165	474
166	690
167	410
168	597
169	155
170	544
171	574
172	325
173	57
174	427
175	649
176	374
177	630
178	747
179	567
180	394
181	15
182	729
183	441
184	741
185	592
186	503
187	549
188	519
189	399
190	245
191	636
192	507
193	393
194	499
195	122
196	588
197	361
198	643
199	665
200	293
201	617
202	267
203	612
204	562
205	71
206	673
207	659
208	68
209	727
210	413
211	32
212	522
213	517
214	343
215	620
216	657
217	77
218	373
219	572
220	341
221	156
222	565
223	43
224	218
225	733
226	344
227	24
228	73
229	275
230	238
231	3
232	233
233	462
234	157
235	87
236	662
237	173
238	2
239	160
240	320
241	227
242	215
243	711
244	459
245	581
246	375
247	110
248	750
249	307
250	540
251	407
252	371
253	26
254	645
255	721
256	602
257	732
258	472
259	11
260	609
261	136
262	642
263	59
264	443
265	304
266	357
267	623
268	44
269	334
270	529
271	515
272	308
273	430
274	336
275	398
276	55
277	219
278	383
279	72
280	312
281	389
282	142
283	447
284	27
285	539
286	202
287	184
288	391
289	368
290	257
291	278
292	478
293	627
294	685
295	514
296	255
297	606
298	6
299	560
300	200
301	127
302	740
303	498
304	583
305	464
306	652
307	280
308	576
309	547
310	573
311	42
312	516
313	179
314	288
315	317
316	53
317	4
318	351
319	183
320	270
321	629
322	56
323	182
324	475
325	695
326	78
327	433
328	377
329	400
330	22
331	611
332	653
333	555
334	648
335	143
336	505
337	720
338	153
339	134
340	401
341	387
342	150
343	531
344	40
345	558
346	314
347	247
348	151
349	700
350	258
351	316
352	365
353	706
354	82
355	154
356	742
357	575
358	290
359	439
360	224
361	658
362	546
363	702
364	180
365	543
366	313
367	725
368	719
369	216
370	193
371	345
372	416
373	273
374	644
375	76
376	176
377	705
378	497
379	482
380	487
381	663
382	722
383	164
384	58
385	116
386	137
387	211
388	709
389	527
390	469
391	199
392	49
393	274
394	434
395	254
396	80
397	45
398	681
399	228
400	177
401	262
402	232
403	715
404	187
405	692
406	355
407	166
408	683
409	113
410	667
411	579
412	634
413	328
414	243
415	141
416	660
417	510
418	684
419	589
420	408
421	677
422	614
423	248
424	84
425	619
426	480
427	625
428	672
429	437
430	112
431	62
432	114
433	291
434	181
435	161
436	533
437	210
438	253
439	445
440	28
441	696
442	545
443	402
444	119
445	444
446	396
447	639
448	124
449	108
450	513
451	272
452	536
453	169
454	260
455	221
456	473
457	285
458	490
459	595
460	102
461	342
462	596
463	38
464	523
465	593
466	726
467	561
468	423
469	220
470	158
471	369
472	477
473	23
474	680
475	10
476	107
477	582
478	201
479	197
480	356
481	61
482	230
483	708
484	47
485	14
486	450
487	104
488	235
489	551
490	185
491	454
492	691
493	422
494	426
495	682
496	390
497	626
498	417
499	568
500	30
501	1
502	65
503	240
504	323
505	250
506	129
507	366
508	188
509	194
510	594
511	81
512	591
513	295
514	689
515	607
516	578
517	300
518	632
519	263
520	96
521	85
522	661
523	268
524	608
525	358
526	292
527	435
528	735
529	580
530	671
531	259
532	347
533	468
534	566
535	229
536	693
537	337
538	744
539	618
540	223
541	687
542	94
543	309
544	616
545	679
546	494
547	310
548	205
549	406
550	598
551	506
552	92
553	239
554	668
555	167
556	279
557	332
558	35
559	446
560	93
561	198
562	52
563	115
564	31
565	455
566	587
567	564
568	222
569	326
570	88
571	442
572	723
573	74
574	20
575	354
576	296
577	688
578	367
579	190
580	509
581	559
582	60
583	54
584	743
585	214
586	18
587	718
588	97
589	66
590	467
591	363
592	327
593	429
594	502
595	456
596	512
597	231
598	95
599	41
600	75
601	264
602	346
603	204
604	751
605	100
606	89
607	34
608	86
609	333
610	520
611	479
612	734
613	191
614	414
615	415
616	650
617	728
618	466
619	552
620	541
621	701
622	101
623	526
624	635
625	694
626	471
627	282
628	209
629	610
630	283
631	349
632	656
633	265
634	397
635	678
636	195
637	266
638	21
639	376
640	99
641	189
642	370
643	470
644	532
645	372
646	542
647	388
648	175
649	192
650	251
651	724
652	621
653	528
654	338
655	638
656	538
657	246
658	736
659	165
660	712
661	698
662	404
663	123
664	500
665	483
666	460
667	306
668	395
669	412
670	458
671	548
672	714
673	713
674	12
675	236
676	213
677	384
678	126
679	556
680	436
681	159
682	287
683	139
684	738
685	452
686	132
687	553
688	453
689	135
690	641
691	271
692	348
693	501
694	170
695	448
696	600
697	496
698	686
699	168
700	249
701	217
702	640
703	484
704	281
705	206
706	703
707	451
708	457
709	360
710	697
711	378
712	207
713	339
714	98
715	563
716	256
717	16
718	322
719	37
720	133
721	148
722	7
723	491
724	140
725	91
726	298
727	381
728	731
729	670
730	9
731	601
732	50
733	749
734	128
735	380
736	362
737	676
738	302
739	675
740	335
741	716
742	19
743	420
744	8
745	225
746	29
747	495
748	331
749	746
750	655
751	599