1500
1	786
2	839
3	380
4	1060
5	595
6	1431
7	34
8	1311
9	208
10	171
11	421
12	182
13	669
14	469
15	295
16	474
17	1468
18	155
19	414
20	629
21	1202
22	560
23	855
24	995
25	688
26	1282
27	1213
28	928
29	433
30	1104
31	625
32	891
33	1495
34	1125
35	545
36	1478
37	19
38	1100
39	286
40	1003
41	428
42	475
43	502
44	268
45	778
46	1296
47	906
48	788
49	115
50	621
51	1488
52	722
53	1237
54	701
55	684
56	1334
57	741
58	1036
59	1251
60	1466
61	63
62	1224
63	1393
64	305
65	1417
66	125
67	641
68	1489
69	1179
70	141
71	866
72	707
73	622
74	1261
75	579
76	1043
77	1470
78	1028
79	649
80	390
81	532
82	666
83	812
84	1418
85	1210
86	1091
87	1358
88	872
89	1027
90	1012
91	571
92	296
93	503
94	752
95	1176
96	636
97	217
98	1177
99	247
100	628
101	1396
102	1345
103	1426
104	144
105	1212
106	80
107	816
108	690
109	396
110	513
111	1260
112	401
113	1135
114	78
115	892
116	1259
117	15
118	825
119	264
120	657
121	1336
122	1057
123	365
124	1374
125	523
126	663
127	157
128	1274
129	386
130	806
131	989
132	842
133	962
134	425
135	632
136	1246
137	1315
138	343
139	1292
140	1340
141	30
142	344
143	691
144	1002
145	435
146	659
147	954
148	1276
149	971
150	626
151	399
152	1398
153	790
154	851
155	168
156	243
157	925
158	335
159	495
160	922
161	95
162	133
163	831
164	633
165	154
166	1046
167	1182
168	76
169	725
170	811
171	156
172	109
173	1082
174	770
175	1386
176	70
177	147
178	705
179	418
180	271
181	1166
182	364
183	850
184	942
185	1163
186	1078
187	200
188	708
189	1023
190	405
191	477
192	929
193	852
194	448
195	823
196	548
197	551
198	562
199	758
200	1063
201	74
202	1128
203	514
204	1165
205	704
206	1140
207	600
208	1455
209	476
210	1353
211	346
212	383
213	249
214	246
215	1301
216	273
217	110
218	479
219	881
220	172
221	948
222	787
223	444
224	1152
225	498
226	1222
227	721
228	1131
229	304
230	556
231	1017
232	951
233	467
234	288
235	31
236	1142
237	21
238	1434
239	1234
240	1184
241	1229
242	1025
243	776
244	1137
245	1116
246	189
247	1253
248	40
249	269
250	1471
251	1388
252	1187
253	1042
254	1211
255	1005
256	1238
257	1037
258	334
259	1299
260	1378
261	535
262	227
263	1008
264	1501
265	1215
266	253
267	1363
268	1480
269	1220
270	1121
271	1407
272	392
273	1049
274	767
275	129
276	138
277	1459
278	576
279	485
280	1020
281	457
282	1342
283	188
284	434
285	524
286	968
287	1111
288	1284
289	96
290	1346
291	1079
292	936
293	158
294	46
295	1030
296	639
297	1086
298	432
299	506
300	901
301	44
302	799
303	197
304	202
305	408
306	1180
307	1143
308	1044
309	1500
310	1156
311	1107
312	258
313	1106
314	1433
315	424
316	1010
317	1189
318	496
319	410
320	808
321	148
322	1482
323	342
324	66
325	1112
326	52
327	180
328	280
329	1029
330	1200
331	789
332	1069
333	978
334	501
335	1481
336	325
337	566
338	404
339	867
340	1290
341	771
342	160
343	693
344	488
345	27
346	57
347	810
348	931
349	919
350	1479
351	1026
352	94
353	973
354	50
355	173
356	181
357	590
358	871
359	297
360	145
361	661
362	895
363	452
364	1114
365	759
366	464
367	1330
368	1009
369	1273
370	1392
371	1332
372	446
373	270
374	234
375	124
376	984
377	37
378	250
379	739
380	32
381	1319
382	1053
383	77
384	703
385	1391
386	411
387	1420
388	1108
389	226
390	578
391	775
392	1436
393	150
394	575
395	340
396	570
397	353
398	143
399	235
400	1403
401	777
402	528
403	427
404	97
405	26
406	764
407	308
408	713
409	1160
410	112
411	1258
412	1123
413	311
414	327
415	238
416	589
417	307
418	849
419	436
420	890
421	783
422	1312
423	798
424	473
425	1441
426	599
427	48
428	512
429	1295
430	1443
431	1497
432	1109
433	1178
434	544
435	1430
436	517
437	961
438	1235
439	415
440	1427
441	1227
442	1068
443	1327
444	940
445	219
446	278
447	377
448	580
449	916
450	1039
451	1351
452	1463
453	1148
454	367
455	1269
456	1122
457	1499
458	689
459	933
460	1161
461	943
462	1048
463	946
464	889
465	1172
466	1110
467	320
468	587
469	391
470	711
471	1454
472	163
473	362
474	164
475	55
476	744
477	893
478	945
479	89
480	692
481	1055
482	1493
483	213
484	127
485	918
486	1322
487	333
488	214
489	359
490	1205
491	1365
492	1061
493	804
494	422
495	747
496	85
497	1289
498	1325
499	1263
500	1314
501	447
502	1401
503	966
504	1421
505	581
506	1035
507	904
508	1297
509	1357
510	761
511	646
512	797
513	483
514	68
515	840
516	437
517	658
518	402
519	676
520	930
521	318
522	1095
523	5
524	1361
525	538
526	209
527	1241
528	520
529	908
530	694
531	1170
532	1474
533	558
534	159
535	260
536	1382
537	1001
538	1328
539	686
540	565
541	947
542	563
543	1491
544	592
545	218
546	1324
547	1162
548	529
549	1218
550	917
551	366
552	400
553	178
554	1118
555	41
556	165
557	607
558	791
559	244
560	224
561	251
562	740
563	1307
564	801
565	1400
566	431
567	490
568	440
569	829
570	1449
571	838
572	1498
573	1255
574	349
575	1303
576	1347
577	1130
578	644
579	702
580	456
581	861
582	1181
583	834
584	186
585	958
586	1428
587	1240
588	835
589	357
590	277
591	1484
592	454
593	93
594	99
595	1304
596	860
597	888
598	756
599	1457
600	484
601	505
602	449
603	1193
604	1174
605	1199
606	460
607	1483
608	1115
609	1490
610	210
611	419
612	211
613	492
614	985
615	762
616	938
617	47
618	1194
619	1083
620	1159
621	660
622	1
623	557
624	603
625	1373
626	317
627	352
628	763
629	885
630	848
631	680
632	845
633	792
634	673
635	572
636	212
637	887
638	1294
639	395
640	1462
641	653
642	862
643	1175
644	265
645	1283
646	486
647	329
648	98
649	1288
650	1371
651	1387
652	809
653	355
654	1414
655	1448
656	1250
657	1243
658	1076
659	1081
660	1439
661	101
662	3
663	356
664	429
665	1333
666	309
667	1021
668	697
669	1183
670	1155
671	468
672	1317
673	1277
674	859
675	196
676	1287
677	480
678	276
679	716
680	314
681	442
682	1331
683	1408
684	594
685	1366
686	466
687	1018
688	519
689	617
690	1051
691	980
692	252
693	754
694	854
695	1158
696	1399
697	965
698	121
699	281
700	765
701	546
702	668
703	604
704	374
705	1257
706	351
707	72
708	875
709	1380
710	1139
711	149
712	873
713	736
714	870
715	1267
716	35
717	378
718	1090
719	1444
720	1014
721	443
722	1473
723	1138
724	229
725	698
726	225
727	1136
728	1129
729	347
730	1412
731	1437
732	577
733	588
734	1041
735	1432
736	627
737	338
738	293
739	105
740	1103
741	369
742	837
743	1266
744	375
745	1349
746	1249
747	60
748	499
749	451
750	616
751	441
752	755
753	316
754	712
755	921
756	738
757	874
758	255
759	139
760	135
761	43
762	11
763	1419
764	1022
765	455
766	36
767	1173
768	102
769	710
770	1262
771	853
772	635
773	1485
774	972
775	1197
776	136
777	533
778	731
779	1368
780	482
781	610
782	239
783	899
784	1203
785	1492
786	1052
787	51
788	1084
789	773
790	1422
791	769
792	863
793	1059
794	423
795	830
796	267
797	330
798	2
799	706
800	312
801	903
802	10
803	387
804	821
805	1305
806	967
807	215
808	955
809	1381
810	1066
811	470
812	1425
813	1445
814	123
815	760
816	1000
817	13
818	605
819	1308
820	1438
821	1356
822	1075
823	1088
824	42
825	913
826	1145
827	1286
828	113
829	120
830	1058
831	802
832	1085
833	379
834	403
835	717
836	1464
837	1226
838	923
839	256
840	183
841	897
842	737
843	623
844	521
845	1318
846	638
847	261
848	430
849	1405
850	1248
851	24
852	151
853	926
854	1364
855	1198
856	233
857	1496
858	1031
859	1268
860	1291
861	1019
862	876
863	672
864	645
865	397
866	284
867	974
868	137
869	813
870	394
871	179
872	1423
873	718
874	20
875	1038
876	100
877	525
878	1098
879	1141
880	654
881	1313
882	1033
883	992
884	642
885	274
886	884
887	118
888	413
889	1326
890	1372
891	417
892	497
893	193
894	106
895	45
896	1154
897	542
898	9
899	1208
900	445
901	696
902	324
903	981
904	1450
905	1077
906	1475
907	677
908	1219
909	1280
910	1126
911	1171
912	313
913	567
914	898
915	879
916	664
917	729
918	709
919	843
920	774
921	1384
922	257
923	647
924	1272
925	242
926	104
927	869
928	509
929	655
930	960
931	1073
932	522
933	574
934	515
935	1362
936	61
937	1465
938	245
939	920
940	1447
941	1410
942	493
943	16
944	462
945	882
946	326
947	667
948	700
949	652
950	388
951	25
952	73
953	510
954	81
955	28
956	1117
957	291
958	114
959	1460
960	909
961	128
962	634
963	927
964	195
965	1379
966	292
967	341
968	92
969	1065
970	815
971	287
972	1074
973	67
974	683
975	1045
976	153
977	384
978	665
979	463
980	358
981	988
982	681
983	880
984	1124
985	471
986	39
987	953
988	608
989	84
990	302
991	322
992	857
993	1016
994	1348
995	591
996	678
997	4
998	152
999	175
1000	957
1001	640
1002	527
1003	1338
1004	847
1005	56
1006	272
1007	878
1008	1067
1009	223
1010	794
1011	963
1012	828
1013	310
1014	952
1015	1225
1016	530
1017	79
1018	167
1019	559
1020	715
1021	827
1022	254
1023	1453
1024	132
1025	426
1026	130
1027	733
1028	69
1029	743
1030	262
1031	71
1032	1070
1033	461
1034	1047
1035	643
1036	1146
1037	656
1038	190
1039	1113
1040	361
1041	650
1042	883
1043	450
1044	675
1045	990
1046	1341
1047	547
1048	103
1049	997
1050	1320
1051	1144
1052	283
1053	1223
1054	956
1055	87
1056	439
1057	1350
1058	1413
1059	453
1060	613
1061	1271
1062	671
1063	987
1064	1343
1065	494
1066	169
1067	699
1068	1302
1069	381
1070	596
1071	174
1072	289
1073	1360
1074	793
1075	1469
1076	1367
1077	465
1078	161
1079	134
1080	1416
1081	1394
1082	552
1083	935
1084	8
1085	818
1086	65
1087	846
1088	1011
1089	864
1090	1157
1091	328
1092	438
1093	941
1094	1395
1095	481
1096	858
1097	58
1098	569
1099	29
1100	630
1101	221
1102	784
1103	1087
1104	682
1105	389
1106	240
1107	508
1108	1195
1109	1153
1110	1099
1111	1097
1112	1216
1113	1487
1114	14
1115	1278
1116	944
1117	911
1118	583
1119	1442
1120	1316
1121	192
1122	336
1123	507
1124	1409
1125	568
1126	1190
1127	1242
1128	59
1129	1119
1130	620
1131	1191
1132	602
1133	537
1134	290
1135	53
1136	795
1137	206
1138	323
1139	865
1140	670
1141	1209
1142	1383
1143	983
1144	248
1145	833
1146	263
1147	894
1148	75
1149	1335
1150	7
1151	732
1152	959
1153	841
1154	900
1155	86
1156	1300
1157	541
1158	826
1159	614
1160	1120
1161	1339
1162	459
1163	902
1164	1204
1165	487
1166	1279
1167	753
1168	1256
1169	1034
1170	49
1171	662
1172	824
1173	822
1174	1006
1175	618
1176	719
1177	1477
1178	82
1179	856
1180	232
1181	166
1182	1467
1183	511
1184	1310
1185	1094
1186	914
1187	491
1188	350
1189	1376
1190	294
1191	207
1192	637
1193	416
1194	1285
1195	409
1196	1105
1197	199
1198	735
1199	1486
1200	723
1201	504
1202	996
1203	648
1204	1056
1205	385
1206	1306
1207	1344
1208	146
1209	687
1210	631
1211	185
1212	554
1213	772
1214	315
1215	1404
1216	1232
1217	593
1218	407
1219	1321
1220	1231
1221	982
1222	332
1223	531
1224	817
1225	1013
1226	1298
1227	796
1228	372
1229	142
1230	321
1231	319
1232	282
1233	398
1234	994
1235	472
1236	868
1237	1354
1238	1071
1239	785
1240	107
1241	1062
1242	674
1243	886
1244	720
1245	1201
1246	748
1247	1456
1248	991
1249	964
1250	275
1251	742
1252	1461
1253	573
1254	1093
1255	970
1256	998
1257	38
1258	803
1259	91
1260	1185
1261	540
1262	489
1263	54
1264	412
1265	598
1266	1245
1267	162
1268	896
1269	1192
1270	1389
1271	131
1272	1024
1273	766
1274	932
1275	750
1276	90
1277	1168
1278	266
1279	751
1280	1424
1281	1429
1282	62
1283	1147
1284	1435
1285	64
1286	615
1287	734
1288	611
1289	354
1290	910
1291	1233
1292	228
1293	844
1294	724
1295	116
1296	543
1297	1134
1298	259
1299	582
1300	376
1301	976
1302	937
1303	216
1304	534
1305	1446
1306	1150
1307	1089
1308	1015
1309	1264
1310	1402
1311	1239
1312	279
1313	1254
1314	303
1315	1440
1316	516
1317	836
1318	1337
1319	685
1320	526
1321	170
1322	1230
1323	1207
1324	746
1325	1151
1326	1164
1327	564
1328	819
1329	1265
1330	586
1331	345
1332	1415
1333	1329
1334	299
1335	606
1336	205
1337	337
1338	23
1339	1281
1340	198
1341	726
1342	500
1343	1214
1344	1458
1345	1375
1346	768
1347	140
1348	915
1349	1494
1350	1040
1351	1369
1352	555
1353	820
1354	236
1355	382
1356	371
1357	553
1358	300
1359	1133
1360	17
1361	1244
1362	977
1363	237
1364	549
1365	1275
1366	6
1367	807
1368	779
1369	624
1370	1092
1371	757
1372	373
1373	1101
1374	1247
1375	924
1376	597
1377	1472
1378	1397
1379	1206
1380	220
1381	781
1382	1377
1383	782
1384	975
1385	539
1386	1476
1387	1050
1388	1293
1389	1196
1390	301
1391	907
1392	986
1393	1236
1394	194
1395	800
1396	184
1397	191
1398	1186
1399	1072
1400	1096
1401	176
1402	1032
1403	420
1404	306
1405	285
1406	550
1407	561
1408	1323
1409	612
1410	1054
1411	727
1412	88
1413	518
1414	363
1415	950
1416	1127
1417	12
1418	368
1419	204
1420	117
1421	339
1422	536
1423	348
1424	1390
1425	939
1426	222
1427	1352
1428	108
1429	728
1430	18
1431	969
1432	33
1433	1167
1434	949
1435	478
1436	203
1437	1355
1438	1064
1439	1217
1440	1221
1441	231
1442	934
1443	1252
1444	832
1445	331
1446	749
1447	1188
1448	1370
1449	177
1450	298
1451	993
1452	1228
1453	584
1454	745
1455	814
1456	187
1457	609
1458	360
1459	1385
1460	122
1461	1406
1462	1149
1463	370
1464	714
1465	406
1466	1132
1467	1270
1468	1004
1469	241
1470	1451
1471	126
1472	905
1473	230
1474	1080
1475	201
1476	111
1477	1359
1478	119
1479	1411
1480	458
1481	1309
1482	601
1483	912
1484	1452
1485	1169
1486	1007
1487	83
1488	877
1489	695
1490	651
1491	585
1492	805
1493	1102
1494	393
1495	679
1496	979
1497	22
1498	730
1499	619
1500	780
1501	999