100
1	29
2	58
3	14
4	23
5	28
6	99
7	4
8	92
9	9
10	50
11	98
12	80
13	2
14	33
15	48
16	88
17	39
18	24
19	22
20	73
21	66
22	68
23	89
24	95
25	69
26	71
27	3
28	55
29	49
30	93
31	59
32	84
33	13
34	11
35	60
36	19
37	81
38	70
39	17
40	57
41	97
42	8
43	65
44	90
45	42
46	5
47	83
48	78
49	15
50	35
51	67
52	63
53	94
54	44
55	86
56	87
57	36
58	101
59	96
60	64
61	46
62	45
63	10
64	47
65	34
66	7
67	12
68	76
69	37
70	21
71	61
72	6
73	1
74	75
75	53
76	72
77	79
78	52
79	31
80	43
81	82
82	26
83	54
84	51
85	41
86	100
87	62
88	30
89	16
90	32
91	74
92	18
93	27
94	77
95	91
96	38
97	25
98	20
99	40
100	85
101	56